Actual	sgRNAscorer.Hg	sgRNAscorer.Mm	WU.CRISPR	Combined	State	DNase	H2A.Z	H2BK120ac	H2BK5ac	H3K14ac	H3K18ac	H3K23ac	H3K23me2	H3K27ac	H3K27me3	H3K36me3	H3K4ac	H3K4me1	H3K4me2	H3K4me3	H3K56ac	H3K79me1	H3K79me2	H3K9ac	H3K9me3	H3T11ph	H4K12ac	H4K20me1	H4K5ac	H4K8ac	H4K91ac	Class
COX6C_chr8_100904180	0.186219739	20.296502198	20.5776899571	0	0.296502197999999	4_PromD2	0	0	0	0	0	0	0	0	0	0	0	0	1	1	1	0	0	1	0	0	0	0	0	0	0	0	0
CDK12_chr17_37618378	0.068019499	20.3177212208	20.6005880343	0	0.317721220799999	3_PromD1	1	1	1	1	1	1	1	1	1	0	0	1	0	1	1	1	1	1	1	0	1	1	1	1	1	1	0
GPR110_chr6_46977763	0.156054931	64.4099655297	65.2374267243	86	75.20498276485	25_Quies	0	0	0	0	0	0	0	0	0	0	0	0	0	0	0	0	0	0	0	0	0	0	0	0	0	0	0
ASIC1_chr12_50452585	3.017972194	37.2443808304	37.8583494217	0	17.2443808304	24_ReprPC	0	0	0	0	0	0	0	0	0	1	0	0	0	0	0	0	0	0	0	0	0	0	0	0	0	0	1
GPR119_chrX_129519072	0	36.2792194792	36.8852542967	49	42.6396097396	24_ReprPC	0	0	0	0	0	0	0	0	0	0	0	0	0	0	0	0	0	0	0	0	0	0	0	0	0	0	0
EXT2_chr11_44117807	2.252832132	58.8249196498	59.6145222093	29	43.9124598249	3_PromD1	1	1	0	0	0	1	0	0	1	0	0	0	1	1	1	0	0	1	1	0	0	0	0	0	0	0	1
OR52M1_chr11_4566807	0.011805679	24.3914417469	24.7749148272	63	43.69572087345	25_Quies	0	0	0	0	0	0	0	0	0	0	0	0	0	0	0	0	0	0	0	0	0	0	0	0	0	0	0
GLRA2_chrX_14548185	0.144032922	36.6920594398	37.3013701536	0	16.6920594398	25_Quies	0	0	0	0	0	0	0	0	0	0	0	0	0	0	0	0	0	0	0	0	0	0	0	0	0	0	0
KCNQ5_chr6_73332072	3.234802008	77.6091194235	78.368925334	0	57.6091194235	23_PromBiv	0	1	0	0	0	0	0	0	0	1	0	0	0	1	1	0	0	0	0	0	0	0	0	0	0	0	1
NMBR_chr6_142409740	2.234670163	91.1484044807	91.6933384153	37	64.07420224035	23_PromBiv	0	0	0	0	0	0	0	0	0	1	0	0	1	1	1	0	0	0	0	0	0	0	0	0	0	0	1
KCNA2_chr1_111146773	0.287528453	20.4239085108	20.7041414794	0	0.4239085108	24_ReprPC	0	0	0	0	0	0	0	0	0	1	0	0	0	0	0	0	0	0	0	0	0	0	0	0	0	0	0
SLC6A7_chr5_149574447	1.804511278	68.0295141673	68.8416791826	62	65.01475708365	25_Quies	0	0	0	0	0	0	0	0	0	0	0	0	0	0	0	0	0	0	0	0	0	0	0	0	0	0	1
FPR2_chr19_52272336	5.729670026	52.0804412967	52.8560047464	42	47.04022064835	25_Quies	0	0	0	0	0	0	0	0	0	0	0	0	0	0	0	0	0	0	0	0	0	0	0	0	0	0	1
LPAR6_chr13_48986120	3.504894222	90.7093126622	91.2648590598	65	77.8546563311	3_PromD1	1	1	0	1	1	1	0	0	1	0	0	1	0	1	1	1	1	1	1	0	1	1	0	1	1	0	1
OR2J3_chr6_29080335	2.544283414	71.8006377874	72.6087055124	41	56.4003188937	25_Quies	0	0	0	0	0	0	0	0	0	0	0	0	0	0	0	0	0	0	0	0	0	0	0	0	0	0	1
GPR61_chr1_110085826	2.716049383	98.6653584982	98.8034474409	79	88.8326792491	25_Quies	0	0	0	0	0	0	0	0	0	0	0	0	0	0	0	0	0	0	0	0	0	0	0	0	0	0	1
TNFRSF13B_chr17_16852262	2.672939164	66.4599701569	67.2516527949	0	46.4599701569	21_Het	0	0	0	0	0	0	0	0	0	0	0	0	0	0	0	0	0	0	0	1	0	0	0	0	0	0	1
GABRA3_chrX_151532930	0.052910053	84.7786419014	85.4604159549	0	64.7786419014	25_Quies	0	0	0	0	0	0	0	0	0	0	0	0	0	0	0	0	0	0	0	0	0	0	0	0	0	0	0
NBN_chr8_90982670	0	46.1672103235	46.8879098884	0	26.1672103235	7_Tx3	0	0	0	0	0	0	0	0	0	0	1	0	0	0	0	0	0	0	0	0	0	0	0	0	0	0	0
NR4A3_chr9_102590375	0.061842919	32.6461762067	33.1769728742	0	12.6461762067	24_ReprPC	0	0	0	0	0	0	0	0	0	1	0	0	0	0	0	0	0	0	0	0	0	0	0	0	0	0	0
OR10V1_chr11_59480623	0.069156293	16.0694922072	16.2342246514	58	37.0347461036	25_Quies	0	0	0	0	0	0	0	0	0	0	0	0	0	0	0	0	0	0	0	0	0	0	0	0	0	0	0
SLC6A15_chr12_85264297	0.243821345	33.3795690492	33.9272689763	46	39.6897845246	25_Quies	0	0	0	0	0	0	0	0	0	0	0	0	0	0	0	0	0	0	0	0	0	0	0	0	0	0	0
AVPR2_chrX_153171258	0.154394299	81.7107141132	82.435675058	43	62.3553570566	25_Quies	0	0	0	0	0	0	0	0	0	0	0	0	0	0	0	0	0	0	0	0	0	0	0	0	0	0	0
LIFR_chr5_38527372	0.247678019	16.2272245776	16.3948403975	0	-3.7727754224	7_Tx3	0	0	0	0	0	0	0	0	0	0	0	0	0	0	0	0	0	0	0	0	0	0	0	0	0	0	0
FZD8_chr10_35930287	0.231903263	72.1670945498	72.9741968664	0	52.1670945498	3_PromD1	1	1	0	0	0	1	0	1	1	0	0	1	1	1	1	0	0	1	1	0	0	1	0	0	0	1	0
GPR182_chr12_57389219	0.094007051	22.2298667239	22.5693837345	0	2.2298667239	7_Tx3	0	0	0	0	0	0	0	0	0	0	1	0	0	0	0	0	0	0	0	0	0	0	0	0	0	0	0
GRIA4_chr11_105483067	2.09383482	52.6170558173	53.3920977492	0	32.6170558173	24_ReprPC	0	0	0	0	0	0	0	0	0	1	0	0	0	0	0	0	0	0	0	0	0	0	0	0	0	0	1
SLC6A5_chr11_20622907	2.867148172	94.614184336	95.0202168806	67	80.807092168	24_ReprPC	0	0	0	0	0	0	0	0	0	1	0	0	0	0	0	0	0	0	0	0	0	0	0	0	0	0	1
SFPQ_chr1_35658545	2.482269504	87.1741607978	87.8143090304	46	66.5870803989	3_PromD1	1	1	1	1	1	1	0	0	1	0	0	1	0	1	1	0	0	1	1	0	0	1	0	1	1	1	1
CHRNB3_chr8_42585748	2.655728587	43.9535740319	44.6409354706	0	23.9535740319	25_Quies	0	0	0	0	0	0	0	0	0	0	0	0	0	0	0	0	0	0	0	0	0	0	0	0	0	0	1
OR2G2_chr1_247752245	4.02133771	79.9999557553	80.7462285843	73	76.49997787765	25_Quies	0	0	0	0	0	0	0	0	0	0	0	0	0	0	0	0	0	0	0	0	0	0	0	0	0	0	1
SCTR_chr2_120236406	0	33.7455833646	34.3089645607	0	13.7455833646	25_Quies	0	0	0	0	0	0	0	0	0	0	0	0	0	0	0	0	0	0	0	0	0	0	0	0	0	0	0
C3AR1_chr12_8212224	1.675213675	15.6293311417	15.7828106402	0	-4.3706688583	25_Quies	0	0	0	0	0	0	0	0	0	0	0	0	0	0	0	0	0	0	0	0	0	0	0	0	0	0	1
WT1_chr11_32456836	0.184635145	20.5980482924	20.8859726964	0	0.598048292400001	23_PromBiv	0	1	0	0	0	0	0	0	0	1	0	0	1	1	1	0	0	0	0	0	0	0	0	0	0	0	0
OR6K2_chr1_158669848	0.179104478	20.291727457	20.5737760685	0	0.291727457	25_Quies	0	0	0	0	0	0	0	0	0	0	0	0	0	0	0	0	0	0	0	0	0	0	0	0	0	0	0
KCNC4_chr1_110754776	3.32594235	64.6152240865	65.4453383392	0	44.6152240865	23_PromBiv	0	0	0	0	0	0	0	0	0	1	0	0	1	1	1	0	0	0	0	0	0	0	0	0	0	0	1
KCNJ11_chr11_17409608	2.310453118	90.7239134146	91.2785759591	93	91.8619567073	24_ReprPC	0	0	0	0	0	0	0	0	0	1	0	0	0	0	0	0	0	0	0	0	0	0	0	0	0	0	1
ALK_chr2_30143323	2.208006603	81.8486469785	82.5744535004	62	71.92432348925	23_PromBiv	0	0	0	0	0	0	0	0	0	1	0	0	1	0	1	0	0	0	0	0	0	0	0	0	0	0	1
KIT_chr4_55524226	0	60.8937282763	61.6986130203	0	40.8937282763	2_PromU	1	1	0	0	0	1	0	1	1	1	0	0	1	1	1	0	0	0	1	0	0	0	0	0	1	0	0
TTL_chr2_113239929	3.174603175	85.6802014904	86.3353712378	74	79.8401007452	1_TssA	1	1	0	1	1	1	0	0	1	0	0	1	0	1	1	0	0	0	1	0	0	0	0	0	1	0	1
KCNV1_chr8_110986482	1.858836207	92.2251362276	92.7312504618	65	78.6125681138	23_PromBiv	0	1	0	0	0	0	0	0	0	1	0	0	1	1	1	0	0	0	0	0	0	0	0	0	0	0	1
HTR4_chr5_147928268	4.498150856	62.1332805347	62.9404496363	74	68.06664026735	25_Quies	0	0	0	0	0	0	0	0	0	0	0	0	0	0	0	0	0	0	0	0	0	0	0	0	0	0	1
KCNA1_chr12_5021146	6.160204684	58.2463095308	59.0351203832	50	54.1231547654	24_ReprPC	0	0	0	0	0	0	0	0	0	1	0	0	0	0	0	0	0	0	0	1	0	0	0	0	0	0	1
RXFP2_chr13_32351540	0.072992701	17.4265878963	17.6300563234	0	-2.5734121037	25_Quies	0	0	0	0	0	0	0	0	0	0	0	0	0	0	0	0	0	0	0	0	0	0	0	0	0	0	0
GPR63_chr6_97247570	0.228953857	8.58432063547	8.52891193165	0	-11.41567936453	8_TxWk	0	0	0	0	0	0	0	0	0	0	1	0	0	0	0	0	0	0	0	0	0	0	0	0	0	0	0
KCNJ3_chr2_155555402	0.151196976	16.3213551858	16.493382602	0	-3.6786448142	23_PromBiv	0	1	0	0	0	0	0	1	0	1	0	0	1	1	1	0	0	0	1	0	0	0	0	0	0	0	0
LTB4R_chr14_24784882	0	73.122890772	73.9106038581	39	56.061445386	23_PromBiv	0	0	0	0	0	0	0	0	0	1	0	0	1	0	0	0	0	0	0	0	0	0	0	0	0	0	0
GRIA1_chr5_153026704	0.196078431	46.7192736199	47.4445965293	56	51.35963680995	25_Quies	0	0	0	0	0	0	0	0	0	0	0	0	0	0	0	0	0	0	0	0	0	0	0	0	0	0	0
OR10AD1_chr12_48596995	0	37.293676805	37.9070352696	20	28.6468384025	25_Quies	0	0	0	0	0	0	0	0	0	0	0	0	0	0	0	0	0	0	0	0	0	0	0	0	0	0	0
WHSC1L1_chr8_38173509	0.19357961	36.3543248645	36.9604229048	0	16.3543248645	7_Tx3	0	0	0	0	0	0	0	0	0	0	0	0	0	0	0	0	0	0	0	0	0	0	0	0	0	0	0
GPR32_chr19_51273916	0.067636118	6.02052438086	5.92240843878	0	-13.97947561914	25_Quies	0	0	0	0	0	0	0	0	0	0	0	0	0	0	0	0	0	0	0	0	0	0	0	0	0	0	0
APLNR_chr11_57004206	0.258738084	13.3396308296	13.4307099062	0	-6.6603691704	23_PromBiv	0	0	0	0	0	0	0	0	0	1	0	0	1	0	1	0	0	0	1	0	0	0	0	0	0	0	0
CCRL2_chr3_46449576	1.835664336	90.6998000508	91.2554218331	78	84.3499000254	14_EnhA2	0	0	0	0	0	0	0	0	0	0	0	0	1	1	0	0	0	0	0	0	0	0	0	0	0	0	1
GABRE_chrX_151131062	0.028595939	30.0987504927	30.6033533612	0	10.0987504927	8_TxWk	0	0	0	0	0	0	0	0	0	0	0	0	0	0	0	0	0	0	0	0	0	0	0	0	0	0	0
OR9A4_chr7_141619592	0.075786283	12.2592120239	12.3276517327	0	-7.7407879761	25_Quies	0	0	0	0	0	0	0	0	0	0	0	0	0	0	0	0	0	0	0	0	0	0	0	0	0	0	0
KCNB2_chr8_73479985	2.723198897	93.5885367871	94.0283936158	52	72.79426839355	25_Quies	0	0	0	0	0	0	0	0	0	0	0	0	0	0	0	0	0	0	0	0	0	0	0	0	0	0	1
SCNN1G_chr16_23197638	0.195071869	55.6225985726	56.4051701371	31	43.3112992863	24_ReprPC	0	0	0	0	0	0	0	0	0	1	0	0	0	0	0	0	0	0	0	0	0	0	0	0	0	0	0
GRIK3_chr1_37356673	0.173711639	47.8189020013	48.551532013	0	27.8189020013	25_Quies	0	0	0	0	0	0	0	0	0	0	0	0	0	0	0	0	0	0	0	0	0	0	0	0	0	0	0
GABRQ_chrX_151806766	0	87.9386724155	88.559411	53	70.46933620775	23_PromBiv	0	0	0	0	0	0	0	0	0	1	0	0	0	1	1	0	0	0	0	0	0	0	0	0	0	0	0
OPRL1_chr20_62724229	0.216416757	36.3403509121	36.9461939079	79	57.67017545605	24_ReprPC	0	0	0	0	0	0	0	0	0	1	0	0	0	0	0	0	0	0	0	0	0	0	0	0	0	0	0
P2RX5_chr17_3599248	2.390438247	64.9416025211	65.7638264516	0	44.9416025211	23_PromBiv	0	1	0	0	0	0	0	0	0	1	0	0	1	1	1	0	0	0	0	0	0	0	0	0	0	0	1
OR10H3_chr19_15852602	3.400904674	90.7076166152	91.2627740911	80	85.3538083076	21_Het	0	0	0	0	0	0	0	0	0	0	0	0	0	0	0	0	0	0	0	1	0	0	0	0	0	0	1
VN1R5_chr1_247419912	1.563633965	69.2818605193	70.0838815826	0	49.2818605193	25_Quies	0	0	0	0	0	0	0	0	0	0	0	0	0	0	0	0	0	0	0	0	0	0	0	0	0	0	1
GALR2_chr17_74070965	1.927194861	22.3530513545	22.6942623856	25	23.67652567725	23_PromBiv	0	0	0	0	0	0	0	0	0	1	0	0	0	0	1	0	0	0	0	0	0	0	0	0	0	0	1
FCRL4_chr1_157557180	2.225519288	35.4601393929	36.0505352517	0	15.4601393929	25_Quies	0	0	0	0	0	0	0	0	0	0	0	0	0	0	0	0	0	0	0	0	0	0	0	0	0	0	1
MRGPRX1_chr11_18956076	0.190269095	80.9870182351	81.7214452564	0	60.9870182351	25_Quies	0	0	0	0	0	0	0	0	0	0	0	0	0	0	0	0	0	0	0	0	0	0	0	0	0	0	0
CACNA1E_chr1_181452990	2.892249527	58.1634613222	58.9518679491	38	48.0817306611	24_ReprPC	0	0	0	0	0	0	0	0	0	1	0	0	0	0	0	0	0	0	0	0	0	0	0	0	0	0	1
TNFRSF10B_chr8_22926380	3.16595494	90.6982883567	91.2542879027	0	70.6982883567	3_PromD1	1	1	1	1	1	1	0	0	1	1	0	1	0	1	1	0	0	1	1	0	0	0	0	1	1	1	1
KCNH5_chr14_63453877	0.311769291	25.7090490375	26.136362805	33	29.35452451875	25_Quies	0	0	0	0	0	0	0	0	0	0	0	0	0	0	0	0	0	0	0	0	0	0	0	0	0	0	0
GRM7_chr3_6903177	0.110864745	23.1580468765	23.5078756949	0	3.1580468765	23_PromBiv	0	1	0	0	0	0	0	1	0	1	0	0	1	1	1	0	0	0	0	0	0	0	0	0	0	0	0
PIM1_chr6_37138392	0	52.4164060838	53.190038678	21	36.7082030419	3_PromD1	1	1	1	1	0	1	0	0	1	0	0	1	0	1	1	0	0	1	1	0	0	0	0	0	1	0	0
OR1F1_chr16_3254261	1.961218837	90.7093126622	91.2648590598	0	70.7093126622	25_Quies	0	0	0	0	0	0	0	0	0	0	0	0	0	0	0	0	0	0	0	0	0	0	0	0	0	0	1
GPR113_chr2_26569073	0.021269054	20.3118219269	20.5948452258	0	0.311821926899999	3_PromD1	1	1	0	1	1	1	0	0	1	0	0	1	0	1	1	0	0	1	1	0	1	1	0	1	1	0	0
GPR173_chrX_53105850	2.713856928	90.7145482855	91.2696142515	45	67.85727414275	25_Quies	0	0	0	0	0	0	0	0	0	0	0	0	0	0	0	0	0	0	0	0	0	0	0	0	0	0	1
CFTR_chr7_117149122	0.037327361	20.3123012445	20.5951744314	0	0.312301244499999	25_Quies	0	0	0	0	0	0	0	0	0	0	0	0	0	0	0	0	0	0	0	0	0	0	0	0	0	0	0
SLC6A6_chr3_14526447	0.068657741	79.5501345961	80.2969726986	48	63.77506729805	7_Tx3	0	0	0	0	0	0	0	0	0	0	1	0	0	0	0	0	0	0	0	0	0	0	0	0	0	0	0
PAX3_chr2_223163264	0.203355363	86.8593597275	87.5056605071	53	69.92967986375	23_PromBiv	0	1	0	0	0	0	0	0	0	1	0	0	1	1	1	0	0	0	0	0	0	0	0	0	0	0	0
IL17RD_chr3_57199275	0.222222222	49.2924718742	50.0258975059	0	29.2924718742	1_TssA	1	1	0	0	0	1	0	1	1	0	0	0	0	1	1	0	0	0	1	0	0	0	0	1	1	0	0
INSR_chr19_7267659	0.064482848	53.023554037	53.7963256268	0	33.023554037	7_Tx3	0	0	0	0	0	0	0	0	0	0	1	0	0	0	0	0	0	0	0	0	0	0	0	0	0	0	0
KCNH1_chr1_211192482	3.401360544	97.3969365704	97.6186365475	90	93.6984682852	25_Quies	0	0	0	0	0	0	0	0	0	0	0	0	0	0	0	0	0	0	0	0	0	0	0	0	0	0	1
RXFP4_chr1_155911901	0.060642814	0.96468203359	0.882856216901	0	-19.03531796641	15_EnhAF	0	0	0	0	0	0	0	0	1	0	0	0	1	0	0	0	0	0	0	0	0	0	0	0	0	0	0
EML4_chr2_42490378	0.045060268	19.1929839698	19.4505266192	0	-0.8070160302	8_TxWk	0	0	0	0	0	0	0	0	0	0	1	0	0	0	0	0	0	0	0	0	0	0	0	0	0	0	0
IL13RA2_chrX_114244192	0.174754671	15.1651304537	15.3016583914	0	-4.8348695463	25_Quies	0	0	0	0	0	0	0	0	0	0	0	0	0	0	0	0	0	0	0	0	0	0	0	0	0	0	0
OR6M1_chr11_123676976	3.340292276	81.9208027169	82.6473176695	64	72.96040135845	25_Quies	0	0	0	0	0	0	0	0	0	0	0	0	0	0	0	0	0	0	0	0	0	0	0	0	0	0	1
MTNR1A_chr4_187455655	3.848027277	68.7513665161	69.5571892281	0	48.7513665161	25_Quies	0	0	0	0	0	0	0	0	0	0	0	0	0	0	0	0	0	0	0	0	0	0	0	0	0	0	1
NIN_chr14_51239774	0.125	26.3742681649	26.8150384037	50	38.18713408245	7_Tx3	0	0	0	0	0	0	0	0	0	0	0	0	0	0	0	0	0	0	0	0	0	0	0	0	0	0	0
CRTC3_chr15_91083300	0.037418148	29.583557783	30.0870126934	0	9.583557783	6_Tx	0	0	0	0	0	0	0	0	0	0	1	0	0	0	0	0	0	1	0	0	0	0	0	0	0	0	0
FZD4_chr11_86665941	0.280504909	49.8176196423	50.5614052543	45	47.40880982115	3_PromD1	1	1	0	1	1	1	0	0	1	0	0	1	1	1	1	0	0	1	1	0	0	1	0	0	1	0	0
IFNGR2_chr21_34787226	0.187969925	17.5994372074	17.800731129	0	-2.4005627926	6_Tx	0	0	0	0	0	0	0	0	0	0	1	0	0	0	0	0	0	1	0	0	0	0	1	0	0	0	0
GPR87_chr3_151012895	0.194174757	13.0390249352	13.1244024004	0	-6.9609750648	25_Quies	0	0	0	0	0	0	0	0	0	0	0	0	0	0	0	0	0	0	0	0	0	0	0	0	0	0	0
TACR1_chr2_75347709	0.129150299	6.73898463566	6.64055212897	0	-13.26101536434	25_Quies	0	0	0	0	0	0	0	0	0	0	0	0	0	0	0	0	0	0	0	0	0	0	0	0	0	0	0
GPR146_chr7_1097534	2.465633864	90.714327062	91.2693947811	47	68.857163531	7_Tx3	0	0	0	0	0	0	0	0	0	0	1	0	0	0	0	0	0	0	0	0	0	0	0	0	0	0	1
GRIN1_chr9_140033946	3.305118904	82.2521955513	82.9816808067	56	69.12609777565	24_ReprPC	0	0	0	0	0	0	0	0	0	1	0	0	0	0	0	0	0	0	0	0	0	0	0	0	0	0	1
BRD4_chr19_15376421	0.125156446	39.0229441975	39.666273327	0	19.0229441975	10_TxEnh5	0	0	0	0	0	0	0	0	1	0	1	0	1	0	0	0	0	1	0	0	0	0	1	0	0	0	0
OXTR_chr3_8809655	3.638309256	71.4863529053	72.2938020831	0	51.4863529053	23_PromBiv	1	0	0	0	0	0	0	0	0	1	0	0	1	1	1	0	0	1	0	0	0	0	0	0	0	0	1
TNFRSF4_chr1_1149385	2.499440424	64.9811646607	65.8016850936	0	44.9811646607	8_TxWk	0	0	0	0	0	0	0	0	0	0	0	0	0	0	0	0	0	0	0	0	0	0	0	0	0	0	1
KCNS1_chr20_43727301	0.162899613	6.0013885463	5.90240005501	0	-13.9986114537	24_ReprPC	0	0	0	0	0	0	0	0	0	1	0	0	0	0	0	0	0	0	0	0	0	0	0	0	0	0	0
IGF1R_chr15_99250799	0.093440478	25.6641037922	26.0924687273	0	5.6641037922	6_Tx	0	0	0	0	0	0	0	0	0	0	0	0	0	0	0	0	0	1	0	0	0	0	0	0	0	0	0
KCNK13_chr14_90528597	0.283904783	1.12152950993	1.0302671613	0	-18.87847049007	23_PromBiv	0	1	0	0	0	0	0	0	0	1	0	0	0	1	1	0	0	0	0	0	0	0	0	0	0	0	0
CDK4_chr12_58145086	0.269590223	36.720154827	37.3300841962	0	16.720154827	4_PromD2	0	0	0	0	1	0	0	1	1	0	0	1	1	1	1	0	1	1	1	0	0	1	0	0	1	0	0
GPRC5D_chr12_13103148	1.786652654	85.8088429678	86.4590062234	68	76.9044214839	25_Quies	0	0	0	0	0	0	0	0	0	0	0	0	0	0	0	0	0	0	0	0	0	0	0	0	0	0	1
CCR4_chr3_32995099	1.695230999	84.5320882874	85.222729524	0	64.5320882874	25_Quies	0	0	0	0	0	0	0	0	0	0	0	0	0	0	0	0	0	0	0	0	0	0	0	0	0	0	1
AMER1_chrX_63412627	0.094562648	36.162155366	36.7636677013	0	16.162155366	7_Tx3	0	0	0	0	0	0	0	0	0	0	1	0	0	0	0	0	0	0	0	0	0	0	0	0	0	0	0
TRPM1_chr15_31453133	4.427164334	90.7103450386	91.2657735197	35	62.8551725193	25_Quies	0	0	0	0	0	0	0	0	0	0	0	0	0	0	0	0	0	0	0	0	0	0	0	0	0	0	1
BCL11A_chr2_60773135	0.082610492	20.9792901601	21.2789344274	0	0.9792901601	11_TxEnh3	0	0	0	0	0	0	0	0	1	0	1	0	0	0	0	0	0	0	0	0	0	0	0	0	0	0	0
GPR123_chr10_134910575	2.568765629	83.1177694475	83.8368105978	37	60.05888472375	24_ReprPC	0	0	0	0	0	0	0	0	0	1	0	0	0	0	0	0	0	0	0	0	0	0	0	0	0	0	1
KCNH3_chr12_49933248	2.018466824	42.6541808111	43.3303314661	22	32.32709040555	24_ReprPC	0	0	0	0	0	0	0	0	0	1	0	0	0	0	0	0	0	0	0	0	0	0	0	0	0	0	1
CACNG7_chr19_54417755	4.935526901	84.0164900012	84.7187157763	0	64.0164900012	25_Quies	0	0	0	0	0	0	0	0	0	0	0	0	0	0	0	0	0	0	0	0	0	0	0	0	0	0	1
BRCA1_chr17_41243789	0	45.3277776733	46.0321582645	58	51.66388883665	8_TxWk	0	0	0	0	0	0	0	0	0	0	0	0	0	0	0	0	0	0	0	0	0	0	0	0	0	0	0
MITF_chr3_69788756	0.185609107	20.3098309152	20.5929065707	0	0.309830915199999	1_TssA	1	1	0	0	0	0	0	0	1	0	0	0	0	1	1	0	0	0	1	0	0	1	0	0	0	0	0
EPHA7_chr6_94120834	2.256097561	56.1203514947	56.8962717102	0	36.1203514947	25_Quies	0	0	0	0	0	0	0	0	0	0	0	0	0	0	0	0	0	0	0	0	0	0	0	0	0	0	1
TNFRSF1A_chr12_6443364	0	20.304853386	20.587054027	0	0.304853386000001	10_TxEnh5	0	0	0	0	0	0	0	0	1	0	1	0	1	0	0	0	0	1	0	0	0	0	0	0	0	0	0
CHRNA3_chr15_78911168	4.174852652	61.4847269125	62.2866839268	0	41.4847269125	24_ReprPC	1	0	0	0	0	0	0	0	0	1	0	0	1	0	0	0	0	0	0	0	0	0	0	0	0	0	1
SYK_chr9_93606362	1.807532147	82.8764514567	83.5985389125	72	77.43822572835	8_TxWk	0	0	0	0	0	0	0	0	0	0	0	0	0	0	0	0	0	0	0	0	0	0	0	0	0	0	1
IL1RAPL2_chrX_104440251	2.902902903	74.2102043773	74.98355801	77	75.60510218865	25_Quies	0	0	0	0	0	0	0	0	0	0	0	0	0	0	0	0	0	0	0	0	0	0	0	0	0	0	1
WAS_chrX_48545229	1.783036161	94.5448123269	94.9557657432	65	79.77240616345	25_Quies	0	0	0	0	0	0	0	0	0	0	0	0	0	0	0	0	0	0	0	0	0	0	0	0	0	0	1
KCNK2_chr1_215256735	2.138182925	46.5678829905	47.2963077033	0	26.5678829905	23_PromBiv	0	1	0	0	0	0	0	0	0	1	0	0	1	1	1	0	0	0	1	0	0	0	0	0	0	0	1
OPN1SW_chr7_128415552	0.233242065	20.2846667397	20.5666432809	14	17.14233336985	8_TxWk	0	0	0	0	0	0	0	0	0	0	1	0	0	0	0	0	0	0	0	0	0	0	0	0	0	0	0
PBRM1_chr3_52662955	0.138121547	20.2913587512	20.5734468629	0	0.291358751200001	7_Tx3	0	0	0	0	0	0	0	0	0	0	1	0	0	0	0	0	0	0	0	0	0	0	0	0	0	0	0
GRM2_chr3_51743260	3.691963453	90.7093126622	91.2648590598	34	62.3546563311	24_ReprPC	0	0	0	0	0	0	0	0	0	1	0	0	0	0	0	0	0	0	0	0	0	0	0	0	0	0	1
IDH2_chr15_90634851	0.108892922	1.5183307653	1.4066954563	80	40.75916538265	7_Tx3	0	0	0	0	0	0	0	0	0	0	1	0	0	0	0	0	0	0	0	0	0	0	0	0	0	0	0
OR4D2_chr17_56247759	0	54.1017237368	54.8797412005	42	48.0508618684	24_ReprPC	0	0	0	0	0	0	0	0	0	1	0	0	0	0	0	0	0	0	0	0	0	0	0	0	0	0	0
IL21R_chr16_27445693	3.191371066	86.7081903215	87.3586153467	80	83.35409516075	25_Quies	0	0	0	0	0	0	0	0	0	0	0	0	0	0	0	0	0	0	0	0	0	0	0	0	0	0	1
CACNB1_chr17_37347735	5.269211415	21.3660626158	21.6789923676	0	1.3660626158	7_Tx3	0	0	0	0	0	0	0	0	0	0	1	0	0	0	0	0	0	0	0	0	0	0	0	0	0	0	1
ESRRB_chr14_76905811	0.10862481	12.2564282946	12.3243962552	0	-7.7435717054	25_Quies	0	0	0	0	0	0	0	0	0	0	0	0	0	0	0	0	0	0	0	0	0	0	0	0	0	0	0
IL17RA_chr22_17566061	2.853321444	98.4644506707	98.6193117848	69	83.73222533535	1_TssA	1	1	0	0	0	1	0	0	1	1	0	0	0	1	1	0	0	0	1	0	0	0	0	0	0	0	1
GPR158_chr10_25464466	0.109965636	9.52850262279	9.50756697322	0	-10.47149737721	23_PromBiv	0	0	0	0	0	0	0	0	0	1	0	0	1	0	1	0	0	0	0	0	0	0	0	0	0	0	0
TAS2R41_chr7_143175826	3.812199037	87.2912617815	87.9277752214	0	67.2912617815	25_Quies	0	0	0	0	0	0	0	0	0	0	0	0	0	0	0	0	0	0	0	0	0	0	0	0	0	0	1
BIRC3_chr11_102195778	1.869585043	87.4354995172	88.0658586742	0	67.4354995172	25_Quies	0	0	0	0	0	0	0	0	0	0	0	0	0	0	0	0	0	0	0	0	0	0	0	0	0	0	1
CMKLR1_chr12_108686085	2.254510852	59.2200617287	60.0096420657	0	39.2200617287	7_Tx3	0	0	0	0	0	0	0	0	0	0	0	0	0	0	0	0	0	0	0	0	0	0	0	0	0	0	1
OR13H1_chrX_130678719	0.031502678	46.1268370309	46.8477468073	65	55.56341851545	25_Quies	0	0	0	0	0	0	0	0	0	0	0	0	0	0	0	0	0	0	0	0	0	0	0	0	0	0	0
AMHR2_chr12_53819239	4.07740152	67.4995363524	68.3112558315	56	61.7497681762	25_Quies	0	0	0	0	0	0	0	0	0	0	0	0	0	0	0	0	0	0	0	0	0	0	0	0	0	0	1
VHL_chr3_10183729	3.18224154	79.6224378168	80.3681908397	0	59.6224378168	3_PromD1	1	1	1	1	1	1	0	0	1	0	0	1	0	1	1	0	0	1	1	0	0	1	0	0	1	1	1
POT1_chr7_124503593	2.14117406	46.3712521509	47.0996622351	55	50.68562607545	8_TxWk	0	0	0	0	0	0	0	0	0	0	1	0	0	0	0	0	0	0	0	0	0	0	0	0	0	0	1
SSTR2_chr17_71165465	0.168491997	70.4165896993	71.2104230877	73	71.70829484965	24_ReprPC	0	0	0	0	0	0	0	0	0	1	0	0	0	0	0	0	0	0	0	0	0	0	0	0	0	0	0
GALR1_chr18_74962577	3.828429635	89.8383187897	90.4189836034	84	86.91915939485	24_ReprPC	0	0	0	0	0	0	0	0	0	1	0	0	0	0	1	0	0	0	0	0	0	0	0	0	0	0	1
CNTFR_chr9_34564803	1.66520596	46.8684520142	47.5931779824	0	26.8684520142	8_TxWk	0	0	0	0	0	0	0	0	0	0	0	0	0	0	0	0	0	0	0	0	0	0	0	0	0	0	1
OR5AP2_chr11_56409837	6.4453125	99.6500981311	99.6884617833	85	92.32504906555	25_Quies	0	0	0	0	0	0	0	0	0	0	0	0	0	0	0	0	0	0	0	0	0	0	0	0	0	0	1
OR52E2_chr11_5080357	0.064315575	20.3047612095	20.5867613998	0	0.304761209500001	25_Quies	0	0	0	0	0	0	0	0	0	0	0	0	0	0	0	0	0	0	0	0	0	0	0	0	0	0	0
CBFA2T3_chr16_88968014	4.336947456	95.2981521568	95.6619482972	90	92.6490760784	8_TxWk	0	0	0	0	0	0	0	0	0	0	0	0	0	0	0	0	0	0	0	0	0	0	0	0	0	0	1
SLC6A11_chr3_10885902	0	24.8995553039	25.3019729656	41	32.94977765195	25_Quies	0	0	0	0	0	0	0	0	0	0	0	0	0	0	0	0	0	0	0	0	0	0	0	0	0	0	0
FUBP1_chr1_78428479	0.055463117	26.6919082704	27.1430368996	0	6.6919082704	6_Tx	0	0	0	0	0	0	0	0	0	0	1	0	0	0	0	0	0	1	0	0	0	0	0	0	0	0	0
CHRM4_chr11_46408042	3.224351747	79.3748518263	80.1256029034	66	72.68742591315	24_ReprPC	0	0	0	0	0	0	0	0	0	1	0	0	0	0	0	0	0	0	0	0	0	0	0	0	0	0	1
ACKR2_chr3_42906210	0.059189109	34.5706364859	35.163289627	50	42.28531824295	25_Quies	0	0	0	0	0	0	0	0	0	0	0	0	0	0	0	0	0	0	0	0	0	0	0	0	0	0	0
EPOR_chr19_11492715	0.039798835	2.32074534629	2.18457167062	0	-17.67925465371	2_PromU	1	1	0	0	0	1	0	0	1	1	0	0	1	1	1	0	0	0	1	0	0	0	0	0	0	0	0
OR2B11_chr1_247614927	0.030448352	20.3047612095	20.5867613998	0	0.304761209500001	25_Quies	0	0	0	0	0	0	0	0	0	0	0	0	0	0	0	0	0	0	0	0	0	0	0	0	0	0	0
HTR2A_chr13_47466600	2.826455625	91.5692084881	92.0999438887	72	81.78460424405	24_ReprPC	0	0	0	0	0	0	0	0	0	1	0	0	0	0	0	0	0	0	0	0	0	0	0	0	0	0	1
TLX3_chr5_170736480	0	67.9590176053	68.7734970485	49	58.47950880265	24_ReprPC	0	0	0	0	0	0	0	0	0	1	0	0	0	0	0	0	0	0	0	0	0	0	0	0	0	0	0
CACNA2D4_chr12_2024075	0.028893383	20.2993596685	20.5807259642	0	0.299359668499999	25_Quies	0	0	0	0	0	0	0	0	0	0	0	0	0	0	0	0	0	0	0	0	0	0	0	0	0	0	0
CNGA2_chrX_150911917	0.086092197	66.6006314457	67.3952595859	63	64.80031572285	25_Quies	0	0	0	0	0	0	0	0	0	0	0	0	0	0	0	0	0	0	0	0	0	0	0	0	0	0	0
CHRND_chr2_233391300	2.622662818	90.7184565677	91.2734915617	60	75.35922828385	24_ReprPC	0	0	0	0	0	0	0	0	0	1	0	0	0	0	0	0	0	0	0	0	0	0	0	0	0	0	1
CCR1_chr3_46245615	0.240506329	45.6198664621	46.3219689128	0	25.6198664621	25_Quies	0	0	0	0	0	0	0	0	0	0	0	0	0	0	0	0	0	0	0	0	0	0	0	0	0	0	0
KCNH7_chr2_163374306	0.116654702	13.5497931744	13.6490463646	0	-6.4502068256	25_Quies	0	0	0	0	0	0	0	0	0	0	0	0	0	0	0	0	0	0	0	0	0	0	0	0	0	0	0
ADORA3_chr1_112045892	0.148008611	56.3374455099	57.1064511858	51	53.66872275495	25_Quies	0	0	0	0	0	0	0	0	0	0	0	0	0	0	0	0	0	0	0	0	0	0	0	0	0	0	0
PAFAH1B2_chr11_117038250	0.247698933	5.82828114117	5.73048158387	0	-14.17171885883	6_Tx	0	0	0	0	0	0	0	0	0	0	1	0	0	0	0	0	0	1	0	0	0	0	0	0	0	0	0
SLC6A16_chr19_49814467	1.733361866	37.4547643988	38.0696628276	0	17.4547643988	7_Tx3	0	0	0	0	0	0	0	0	0	0	1	0	0	0	0	0	0	0	0	0	0	0	0	0	0	0	1
OR51B6_chr11_5372941	6.023770935	53.1077664573	53.8795049041	76	64.55388322865	25_Quies	0	0	0	0	0	0	0	0	0	0	0	0	0	0	0	0	0	0	0	0	0	0	0	0	0	0	1
PTGIR_chr19_47127447	3.300516462	90.6977352979	91.2537392267	0	70.6977352979	17_EnhW2	0	0	0	0	0	0	0	0	0	0	0	0	1	0	0	0	0	0	0	0	0	0	0	0	0	0	1
CYSLTR1_chrX_77529187	1.927194861	83.2212651847	83.9405469348	0	63.2212651847	25_Quies	0	0	0	0	0	0	0	0	0	0	0	0	0	0	0	0	0	0	0	0	0	0	0	0	0	0	1
KCNK1_chr1_233750169	1.714368735	69.368801363	70.1773393897	0	49.368801363	2_PromU	1	1	0	1	1	1	0	1	1	1	0	1	1	1	1	0	0	0	1	0	0	1	0	1	1	1	1
MDM4_chr1_204518417	0	5.93314109009	5.83308399059	0	-14.06685890991	7_Tx3	0	0	0	0	0	0	0	0	0	0	1	0	0	0	0	0	0	0	0	0	0	0	0	0	0	0	0
CEBPA_chr19_33793296	3.042328042	99.2750505219	99.3522697262	86	92.63752526095	1_TssA	1	1	0	0	0	0	0	0	1	0	0	0	0	1	1	0	0	0	1	0	0	0	0	0	0	0	1
NCOA2_chr8_71078955	1.663982823	94.8361083981	95.2303231994	73	83.91805419905	7_Tx3	0	0	0	0	0	0	0	0	0	0	0	0	0	0	0	0	0	0	0	0	0	0	0	0	0	0	1
LGR5_chr12_71833969	3.00407332	90.7093126622	91.2648590598	64	77.3546563311	2_PromU	1	1	0	0	0	1	0	1	1	1	0	0	1	1	1	0	0	0	1	0	0	0	0	0	0	0	1
OR5C1_chr9_125551363	0.079096858	15.5783391202	15.7277601511	0	-4.4216608798	25_Quies	0	0	0	0	0	0	0	0	0	0	0	0	0	0	0	0	0	0	0	0	0	0	0	0	0	0	0
MRGPRX4_chr11_18195076	0.142869899	15.3785927161	15.5213116721	0	-4.6214072839	25_Quies	0	0	0	0	0	0	0	0	0	0	0	0	0	0	0	0	0	0	0	0	0	0	0	0	0	0	0
OR6C4_chr12_55945607	0.0951978	30.8475552404	31.3646229828	41	35.9237776202	25_Quies	0	0	0	0	0	0	0	0	0	0	0	0	0	0	0	0	0	0	0	0	0	0	0	0	0	0	0
GPC3_chrX_133119446	0.028766335	25.3077127	25.7282941957	0	5.3077127	23_PromBiv	1	1	0	0	0	0	0	0	0	1	0	0	1	1	1	0	0	0	1	0	0	0	0	0	0	0	0
EWSR1_chr22_29695707	3.400987383	89.7798789096	90.3611897343	0	69.7798789096	6_Tx	0	0	0	0	0	0	0	0	0	0	1	0	0	0	0	0	0	0	0	0	0	0	1	0	0	0	1
KCNJ9_chr1_160053937	2.478460994	64.4815682093	65.3101445798	67	65.74078410465	23_PromBiv	1	1	0	0	0	0	0	0	0	1	0	0	1	1	1	0	0	0	1	0	0	0	0	0	0	0	1
GABRB1_chr4_47034436	0.244413408	82.128273509	82.8578995074	46	64.0641367545	23_PromBiv	0	1	0	0	0	0	0	0	0	1	0	0	1	1	1	0	0	0	1	0	0	0	0	0	0	0	0
ABCC9_chr12_22068672	0	16.0917620417	16.2592076973	0	-3.9082379583	25_Quies	0	0	0	0	0	0	0	0	0	0	0	0	0	0	0	0	0	0	0	0	0	0	0	0	0	0	0
AQP2_chr12_50344858	2.487040596	72.8476149708	73.6479343813	60	66.4238074854	25_Quies	0	0	0	0	0	0	0	0	0	0	0	0	0	0	0	0	0	0	0	0	0	0	0	0	0	0	1
GPR50_chrX_150345277	0.043821209	47.5003032606	48.2349459774	55	51.2501516303	24_ReprPC	0	0	0	0	0	0	0	0	0	1	0	0	0	0	0	0	0	0	0	1	0	0	0	0	0	0	0
RUNX1_chr21_36259379	3.276595745	93.2476313413	93.7054795172	68	80.62381567065	3_PromD1	1	0	0	0	0	1	0	0	1	1	0	0	0	1	1	0	0	1	1	0	0	0	1	0	0	1	1
TACR2_chr10_71175918	2.447791852	36.6707482406	37.278801282	31	33.8353741203	22_PromP	0	0	0	0	0	0	0	0	1	0	0	0	0	0	1	0	0	0	0	0	0	0	0	0	0	0	1
OR5M11_chr11_56310479	6.23853211	99.6704138244	99.7065315119	88	93.8352069122	25_Quies	0	0	0	0	0	0	0	0	0	0	0	0	0	0	0	0	0	0	0	0	0	0	0	0	0	0	1
ABCC8_chr11_17483303	0.068568294	32.3523176298	32.8803220655	0	12.3523176298	25_Quies	0	0	0	0	0	0	0	0	0	0	0	0	0	0	0	0	0	0	0	0	0	0	0	0	0	0	0
MAX_chr14_65569033	3.321488501	90.7129997209	91.2682974292	73	81.85649986045	3_PromD1	1	1	0	1	1	1	0	1	1	0	0	1	0	1	1	1	0	1	1	0	1	1	0	1	1	1	1
TRPM4_chr19_49669405	5.170278638	93.6017733277	94.0427323478	69	81.30088666385	24_ReprPC	0	0	0	0	0	0	0	0	0	1	0	0	1	0	0	0	0	0	1	0	0	0	0	0	0	0	1
GPR157_chr1_9189031	2.749696725	66.8920934345	67.692495649	50	58.44604671725	1_TssA	1	1	0	0	0	1	0	0	1	0	0	0	0	1	1	0	0	0	1	0	0	0	0	0	0	0	1
AR_chrX_66765069	0.247785418	49.6296165201	50.3641013748	0	29.6296165201	23_PromBiv	0	1	0	0	0	0	0	0	0	0	0	0	1	1	1	0	0	0	0	0	0	0	0	0	0	0	0
GPR174_chrX_78426836	0.091774693	28.6297894431	29.1128933732	0	8.6297894431	25_Quies	0	0	0	0	0	0	0	0	0	0	0	0	0	0	0	0	0	0	0	0	0	0	0	0	0	0	0
CIC_chr19_42793464	0.144660705	17.3482747699	17.5495838476	0	-2.6517252301	6_Tx	0	0	0	0	0	0	0	0	0	0	1	0	0	0	0	0	0	0	0	0	0	0	1	0	0	0	0
OR11A1_chr6_29395097	2.170100833	64.7605679398	65.5795810603	0	44.7605679398	25_Quies	0	0	0	0	0	0	0	0	0	0	0	0	0	0	0	0	0	0	0	0	0	0	0	0	0	0	1
MRGPRG_chr11_3239952	0.279827016	20.2951932922	20.5764097132	0	0.2951932922	24_ReprPC	0	0	0	0	0	0	0	0	0	1	0	0	0	0	0	0	0	0	0	0	0	0	0	0	0	0	0
SCN10A_chr3_38835447	0.120385233	10.9755256732	11.0127680556	0	-9.0244743268	25_Quies	0	0	0	0	0	0	0	0	0	0	0	0	0	0	0	0	0	0	0	0	0	0	0	0	0	0	0
KMT2A_chr11_118342382	3.229278794	93.416498629	93.8674120856	76	84.7082493145	7_Tx3	0	0	0	0	0	0	0	0	0	0	1	0	0	0	0	0	0	0	0	0	0	0	0	0	0	0	1
LPAR4_chrX_78010794	0.120385233	27.1806647693	27.6472335392	0	7.1806647693	25_Quies	0	0	0	0	0	0	0	0	0	0	0	0	0	0	0	0	0	0	0	0	0	0	0	0	0	0	0
OSMR_chr5_38883960	0	20.3047612095	20.5867613998	0	0.304761209500001	7_Tx3	0	0	0	0	0	0	0	0	0	0	1	0	0	0	0	0	0	0	0	0	0	0	0	0	0	0	0
OR4K17_chr14_20585632	1.89701897	16.589219999	16.7673913823	42	29.2946099995	25_Quies	0	0	0	0	0	0	0	0	0	0	0	0	0	0	0	0	0	0	0	0	0	0	0	0	0	0	1
OR10G3_chr14_22038148	0.20715943	7.4869782305	7.40741824545	0	-12.5130217695	25_Quies	0	0	0	0	0	0	0	0	0	0	0	0	0	0	0	0	0	0	0	0	0	0	0	0	0	0	0
JAK1_chr1_65349035	0.231687756	20.2847589161	20.5666432809	0	0.284758916099999	7_Tx3	0	0	0	0	0	0	0	0	0	0	1	0	0	0	0	0	0	0	0	0	0	0	0	0	0	0	0
GPR143_chrX_9733777	0.083273852	53.960804354	54.7329520889	48	50.980402177	24_ReprPC	0	0	0	0	0	0	0	0	0	0	0	0	0	0	0	0	0	0	0	0	0	0	0	0	0	0	0
AQP5_chr12_50355890	0.250744397	40.3992125917	41.0538748594	0	20.3992125917	24_ReprPC	0	0	0	0	0	0	0	0	0	1	0	0	0	0	0	0	0	0	0	0	0	0	0	0	0	0	0
KCNT1_chr9_138641962	2.163110202	87.2222769136	87.8605075472	65	76.1111384568	25_Quies	0	0	0	0	0	0	0	0	0	0	0	0	0	0	0	0	0	0	0	0	0	0	0	0	0	0	1
SCN4B_chr11_118015871	1.579520697	94.9335757943	95.3238907418	57	75.96678789715	24_ReprPC	0	0	0	0	0	0	0	0	0	1	0	0	1	0	0	0	0	0	0	0	0	0	0	0	0	0	1
FGFR1OP_chr6_167416690	0	51.7073846992	52.471821831	54	52.8536923496	8_TxWk	0	0	0	0	0	0	0	0	0	0	0	0	0	0	0	0	0	0	0	0	0	0	0	0	0	0	0
SLC6A3_chr5_1443271	0.077609624	61.7370692087	62.5485486789	77	69.36853460435	24_ReprPC	0	0	0	0	0	0	0	0	0	1	0	0	0	0	0	0	0	0	0	0	0	0	0	0	0	0	0
OR52A5_chr11_5153530	0.189419564	7.03693584776	6.94832277071	0	-12.96306415224	25_Quies	0	0	0	0	0	0	0	0	0	0	0	0	0	0	0	0	0	0	0	0	0	0	0	0	0	0	0
GPRC5B_chr16_19884020	2.307771913	77.7411161243	78.5001686264	50	63.87055806215	7_Tx3	0	0	0	0	0	0	0	0	0	0	1	0	0	0	0	0	0	0	0	0	0	0	0	0	0	0	1
GABRD_chr1_1956387	3.331953642	94.9486189937	95.3370589651	76	85.47430949685	25_Quies	0	0	0	0	0	0	0	0	0	0	0	0	0	0	0	0	0	0	0	0	0	0	0	0	0	0	1
PALB2_chr16_23614906	2.676977989	86.6384680419	87.2888969199	78	82.31923402095	7_Tx3	0	0	0	0	0	0	0	0	0	0	1	0	0	0	0	0	0	0	0	0	0	0	0	0	0	0	1
HTR1A_chr5_63257467	1.494451927	71.9459447701	72.756591976	0	51.9459447701	23_PromBiv	0	0	0	0	0	0	0	0	0	1	0	0	0	0	1	0	0	0	0	0	0	0	0	0	0	0	1
MSH2_chr2_47630381	0.183038438	18.8475803124	19.1005810844	0	-1.1524196876	3_PromD1	1	1	1	1	1	1	0	0	1	0	0	1	0	1	1	0	0	1	1	0	1	1	0	1	1	1	0
OR10C1_chr6_29407999	1.745125498	45.1583573269	45.8602397933	56	50.57917866345	25_Quies	0	0	0	0	0	0	0	0	0	0	0	0	0	0	0	0	0	0	0	0	0	0	0	0	0	0	1
TNFRSF21_chr6_47254032	0.156801254	26.4115811988	26.8550185928	37	31.7057905994	7_Tx3	0	0	0	0	0	0	0	0	0	0	1	0	0	0	0	0	0	0	0	0	0	0	0	0	0	0	0
IDH1_chr2_209113106	3.606840063	68.0264907792	68.8390821163	0	48.0264907792	7_Tx3	0	0	0	0	0	0	0	0	0	0	1	0	0	0	0	0	0	0	0	0	0	0	0	0	0	0	1
FOXO4_chrX_70316416	1.895277867	49.9220740148	50.6671168248	60	54.9610370074	2_PromU	0	1	0	0	0	0	0	1	1	1	0	0	1	1	1	0	0	0	1	0	0	0	0	0	0	0	1
GPR39_chr2_133175219	0.150630766	29.1838068807	29.6856013525	0	9.1838068807	24_ReprPC	0	0	0	0	0	0	0	0	0	1	0	0	0	0	0	0	0	0	0	0	0	0	0	0	0	0	0
MCOLN1_chr19_7589969	0.219622822	76.8182822067	77.573710959	30	53.40914110335	8_TxWk	0	0	0	0	0	0	0	0	0	0	1	0	0	0	0	0	0	0	0	0	0	0	0	0	0	0	0
ERBB3_chr12_56477568	1.962101868	47.8433103298	48.5769174213	0	27.8433103298	18_EnhAc	0	0	0	0	0	0	0	0	1	1	1	0	0	0	0	0	0	0	0	0	0	0	0	0	0	0	1
PAX7_chr1_18958105	2.70188221	36.525441258	37.1368039405	0	16.525441258	24_ReprPC	0	0	0	0	0	0	0	0	0	1	0	0	0	0	1	0	0	0	0	0	0	0	0	0	0	0	1
RECQL4_chr8_145742475	3.17590052	90.7093126622	91.2648590598	86	88.3546563311	4_PromD2	0	0	0	0	0	0	0	0	0	0	0	0	1	1	1	0	1	1	0	0	0	0	0	0	0	0	1
FANCF_chr11_22647249	8.109901779	92.6941116567	93.1813476506	0	72.6941116567	1_TssA	1	1	1	1	1	1	0	0	1	0	0	1	0	1	1	0	0	0	1	0	1	1	0	1	1	0	1
MC3R_chr20_54824354	3.722772277	93.1813011556	93.6390165678	0	73.1813011556	24_ReprPC	0	0	0	0	0	0	0	0	0	1	0	0	0	0	0	0	0	0	0	0	0	0	0	0	0	0	1
MLH1_chr3_37035043	0.079145231	20.3093515975	20.5922481596	0	0.309351597500001	1_TssA	1	1	1	1	1	1	0	0	1	0	0	1	0	1	1	1	1	0	1	0	1	1	0	1	1	1	0
CTNNB1_chr3_41266954	0.145205864	36.4368412378	37.0482476387	0	16.4368412378	6_Tx	0	0	0	0	0	0	0	0	0	0	1	0	0	0	0	0	0	1	0	0	0	0	1	0	0	0	0
CLCA2_chr1_86905867	3.592666006	97.4712676735	97.6879891904	91	94.23563383675	25_Quies	0	0	0	0	0	0	0	0	0	0	0	0	0	0	0	0	0	0	0	0	0	0	0	0	0	0	1
CXCR6_chr3_45988493	3.601108033	83.3920128723	84.1100146533	0	63.3920128723	7_Tx3	0	0	0	0	0	0	0	0	0	0	1	0	0	0	0	0	0	0	0	0	0	0	0	0	0	0	1
CLCN7_chr16_1515311	0.070944348	4.98328103241	4.87326682405	0	-15.01671896759	8_TxWk	0	0	0	0	0	0	0	0	0	0	0	0	0	0	0	0	0	0	0	0	0	0	0	0	0	0	0
KCNQ4_chr1_41249989	4.166009153	90.7238396734	91.2785028023	49	69.8619198367	23_PromBiv	0	0	0	0	0	0	0	0	1	0	0	0	1	1	1	0	0	0	0	0	0	0	0	0	0	0	1
ACVR1_chr2_158636893	6.263396047	44.268743808	44.9615817085	22	33.134371904	7_Tx3	0	0	0	0	0	0	0	0	0	0	1	0	0	0	0	0	0	0	0	0	0	0	0	0	0	0	1
EPHB4_chr7_100421316	4.098703471	90.408780509	90.9689032406	0	70.408780509	6_Tx	0	0	0	0	0	0	0	0	0	0	1	0	0	0	0	0	0	1	0	0	0	0	0	0	0	0	1
CNGB3_chr8_87680282	0.051473427	8.46331136952	8.4076545419	35	21.73165568476	25_Quies	0	0	0	0	0	0	0	0	0	0	0	0	0	0	0	0	0	0	0	0	0	0	0	0	0	0	0
OR56A4_chr11_6023761	0.055644862	0.564894260688	0.508293420205	61	30.782447130344	25_Quies	0	0	0	0	0	0	0	0	0	0	0	0	0	0	0	0	0	0	0	0	0	0	0	0	0	0	0
RAMP2_chr17_40913286	0.116144019	62.6668716671	63.4852482978	0	42.6668716671	1_TssA	1	1	0	0	0	0	0	0	0	0	0	0	0	1	1	0	0	0	0	0	0	0	0	0	0	0	0
KIAA1549_chr7_138603924	2.487562189	90.7029340507	91.2592259865	85	87.85146702535	7_Tx3	0	0	0	0	0	0	0	0	0	0	1	0	0	0	0	0	0	0	0	0	0	0	0	0	0	0	1
GPR142_chr17_72363845	3.010969331	83.7428733764	84.4560828779	55	69.3714366882	25_Quies	0	0	0	0	0	0	0	0	0	0	0	0	0	0	0	0	0	0	0	0	0	0	0	0	0	0	1
HRH1_chr3_11300869	3.008496619	69.9954907272	70.7944535443	69	69.4977453636	25_Quies	0	0	0	0	0	0	0	0	0	0	0	0	0	0	0	0	0	0	0	0	0	0	0	0	0	0	1
CBLB_chr3_105586350	0.123127437	6.78750632791	6.69223740551	0	-13.21249367209	3_PromD1	0	0	0	1	1	1	0	1	1	0	0	1	1	1	1	1	1	1	1	0	0	1	0	1	1	0	0
NFIB_chr9_14307457	0.066474629	20.3047612095	20.5867613998	48	34.15238060475	12_TxEnhW	1	0	0	0	0	0	0	0	0	0	1	0	1	0	1	0	0	1	0	0	0	0	0	0	0	0	0
OPRK1_chr8_54163569	2.527981474	80.2640966393	81.0024236847	61	70.63204831965	23_PromBiv	0	1	0	0	0	0	0	0	0	1	0	0	0	1	1	0	0	0	0	0	0	0	0	0	0	0	1
DEK_chr6_18250048	0.051156129	13.3366811826	13.4281859968	0	-6.6633188174	6_Tx	0	0	0	0	0	0	0	0	0	0	1	0	0	0	0	0	0	1	0	0	0	0	0	0	0	0	0
P2RX6_chr22_21377298	6.424825175	96.4984003696	96.7885629591	37	66.7492001848	25_Quies	0	0	0	0	0	0	0	0	0	0	0	0	0	0	0	0	0	0	0	0	0	0	0	0	0	0	1
P2RX2_chr12_133195470	0	77.9453054341	78.6967409379	68	72.97265271705	24_ReprPC	0	0	0	0	0	0	0	0	0	1	0	0	0	0	0	0	0	0	0	0	0	0	0	0	0	0	0
CSF3R_chr1_36938254	3.628745917	92.6861291746	93.1735930302	42	67.3430645873	25_Quies	0	0	0	0	0	0	0	0	0	0	0	0	0	0	0	0	0	0	0	0	0	0	0	0	0	0	1
ASIC5_chr4_156784776	0.287218765	9.26012162132	9.23129033226	0	-10.73987837868	25_Quies	0	0	0	0	0	0	0	0	0	0	0	0	0	0	0	0	0	0	0	0	0	0	0	0	0	0	0
IL2RA_chr10_6067815	2.834799609	90.7151013443	91.2699434571	51	70.85755067215	25_Quies	0	0	0	0	0	0	0	0	0	0	0	0	0	0	0	0	0	0	0	0	0	0	0	0	0	0	1
MUTYH_chr1_45799166	5.007473842	90.7062524035	91.2617864743	0	70.7062524035	7_Tx3	0	0	0	0	0	0	0	0	0	0	1	0	0	0	0	0	0	0	0	0	0	0	0	0	0	0	1
MLLT3_chr9_20620709	0.114926988	17.457669801	17.660709021	0	-2.542330199	3_PromD1	1	1	1	1	1	1	0	1	1	1	0	1	1	1	1	1	1	1	1	0	1	1	0	1	1	1	0
GPR25_chr1_200842201	0.197889182	25.4242606249	25.8487468607	76	50.71213031245	23_PromBiv	0	0	0	0	0	0	0	0	0	1	0	0	1	0	0	0	0	0	0	0	0	0	0	0	0	0	0
PRLHR_chr10_120354468	0	10.0354731916	10.0362711396	0	-9.9645268084	24_ReprPC	0	0	0	0	0	0	0	0	0	1	0	0	1	0	0	0	0	0	0	1	0	0	0	0	0	0	0
BRD3_chr9_136918569	4.062229905	90.6931633452	91.2494229758	0	70.6931633452	6_Tx	0	0	0	0	0	0	0	0	0	0	1	0	0	0	0	0	0	0	0	0	0	0	0	0	0	0	1
OR52B2_chr11_6191343	2.653748947	91.7592579278	92.282067733	27	59.3796289639	25_Quies	0	0	0	0	0	0	0	0	0	0	0	0	0	0	0	0	0	0	0	0	0	0	0	0	0	0	1
OR4K1_chr14_20404414	1.991134365	90.7154884855	91.2704189763	71	80.85774424275	25_Quies	0	0	0	0	0	0	0	0	0	0	0	0	0	0	0	0	0	0	0	0	0	0	0	0	0	0	1
ZNF331_chr19_54074874	0	20.2816617868	20.564082793	0	0.281661786800001	7_Tx3	0	0	0	0	0	0	0	0	0	0	1	0	0	0	0	0	0	0	0	0	0	0	0	0	0	0	0
CACNG5_chr17_64873516	3.707544724	91.4766264445	92.0065592383	90	90.73831322225	25_Quies	0	0	0	0	0	0	0	0	0	0	0	0	0	0	0	0	0	0	0	0	0	0	0	0	0	0	1
GRM8_chr7_126883184	5.748409421	93.4044419471	93.8565483014	78	85.70222097355	25_Quies	0	0	0	0	0	0	0	0	0	0	0	0	0	0	0	0	0	0	0	0	0	0	0	0	0	0	1
SLC6A2_chr16_55690612	8.520179372	61.481113595	62.2834650278	0	41.481113595	23_PromBiv	0	0	0	0	0	0	0	0	0	1	0	0	1	0	1	0	0	0	0	0	0	0	0	0	0	0	1
NT5C2_chr10_104849578	3.976234004	94.3874117917	94.7997588752	81	87.69370589585	7_Tx3	0	0	0	0	0	0	0	0	0	0	1	0	0	0	0	0	0	0	0	0	0	0	0	0	0	0	1
EDAR_chr2_109546671	2.75042037	92.014863271	92.5256798644	88	90.0074316355	25_Quies	0	0	0	0	0	0	0	0	0	0	0	0	0	0	0	0	0	0	0	0	0	0	0	0	0	0	1
MTCP1_chrX_154294216	0.083006339	43.0638499013	43.7512025148	0	23.0638499013	8_TxWk	0	0	0	0	0	0	0	0	0	0	0	0	0	0	0	0	0	0	0	0	0	0	0	0	0	0	0
LCP1_chr13_46730610	0	11.497391959	11.5400822429	0	-8.502608041	25_Quies	0	0	0	0	0	0	0	0	0	0	0	0	0	0	0	0	0	0	0	0	0	0	0	0	0	0	0
ACVRL1_chr12_52307061	2.148050231	90.7093126622	91.2648590598	61	75.8546563311	17_EnhW2	0	0	0	0	0	0	0	0	0	0	0	0	0	0	0	0	0	0	0	0	0	0	0	0	0	0	1
CASC5_chr15_40914351	0.113708149	15.5290431456	15.6753433066	0	-4.4709568544	25_Quies	0	0	0	0	0	0	0	0	0	0	0	0	0	0	0	0	0	0	0	0	0	0	0	0	0	0	0
CRHR1_chr17_43912034	0.226654578	93.3368212908	93.7932310943	81	87.1684106454	25_Quies	0	0	0	0	0	0	0	0	0	0	0	0	0	0	0	0	0	0	0	0	0	0	0	0	0	0	0
OR8I2_chr11_55861244	3.578066915	63.7689335072	64.5927324575	0	43.7689335072	25_Quies	0	0	0	0	0	0	0	0	0	0	0	0	0	0	0	0	0	0	0	0	0	0	0	0	0	0	1
GPR101_chrX_136113719	0.076589226	20.2872292455	20.568764828	0	0.287229245500001	23_PromBiv	0	0	0	0	0	0	0	0	0	1	0	0	1	0	1	0	0	0	0	0	0	0	0	0	0	0	0
FBXW7_chr4_153303456	0.093826234	15.3269554592	15.4669561725	0	-4.6730445408	16_EnhW1	0	0	0	0	0	0	0	0	0	0	0	0	1	0	0	0	0	0	0	0	0	0	0	0	0	0	0
KCNH8_chr3_19389364	0.039666799	2.09852631952	1.97014910087	0	-17.90147368048	25_Quies	0	0	0	0	0	0	0	0	0	0	0	0	0	0	0	0	0	0	0	0	0	0	0	0	0	0	0
CCR7_chr17_38711954	0.073556455	24.5731768693	24.9614280792	0	4.5731768693	8_TxWk	0	0	0	0	0	0	0	0	0	0	0	0	0	0	0	0	0	0	0	0	0	0	0	0	0	0	0
ETV6_chr12_12022434	0.165115581	36.191873059	36.7952348589	67	51.5959365295	7_Tx3	0	0	0	0	0	0	0	0	0	0	1	0	0	0	0	0	0	0	0	0	0	0	0	0	0	0	0
CARS_chr11_3062141	0.027517887	49.0020422618	49.7356479168	0	29.0020422618	7_Tx3	0	0	0	0	0	0	0	0	0	0	1	0	0	0	0	0	0	0	0	0	0	0	1	0	0	0	0
NTRK2_chr9_87285829	0.227029072	14.3443543204	14.4628425658	0	-5.6556456796	2_PromU	0	1	0	0	1	1	0	1	1	1	0	1	1	1	1	0	0	0	1	0	0	1	0	1	1	0	0
KCNE1L_chrX_108868186	3.073354596	95.5883236751	95.9355181367	87	91.29416183755	22_PromP	0	0	0	0	0	0	0	0	0	0	0	0	0	1	1	0	0	0	0	0	0	0	0	0	0	0	1
GPR112_chrX_135405025	0	20.2979585862	20.579335985	0	0.2979585862	25_Quies	0	0	0	0	0	0	0	0	0	0	0	0	0	0	0	0	0	0	0	0	0	0	0	0	0	0	0
PTGER1_chr19_14585023	0.158403295	96.5363033328	96.8245926812	0	76.5363033328	24_ReprPC	0	0	0	0	0	0	0	0	0	0	0	0	1	0	0	0	0	0	0	0	0	0	0	0	0	0	0
CDK6_chr7_92462589	7.117248705	88.7524431373	89.3602218699	71	79.87622156865	3_PromD1	1	1	1	1	1	1	0	1	1	0	0	1	0	1	1	0	0	1	1	0	0	1	0	1	1	1	1
GPRC6A_chr6_117127536	0.26889752	30.6910027288	31.2063482541	48	39.3455013644	25_Quies	0	0	0	0	0	0	0	0	0	0	0	0	0	0	0	0	0	0	0	0	0	0	0	0	0	0	0
FEV_chr2_219846915	2.355542003	70.258672976	71.0551112093	0	50.258672976	23_PromBiv	0	1	0	0	0	0	0	1	0	1	0	0	1	1	1	0	0	0	0	0	0	0	0	0	0	0	1
PKD1L3_chr16_72020225	1.955577016	67.4144021674	68.2232116272	33	50.2072010837	25_Quies	0	0	0	0	0	0	0	0	0	0	0	0	0	0	0	0	0	0	0	0	0	0	0	0	0	0	1
GABRG1_chr4_46060576	0.266453504	48.676401239	49.4082346753	63	55.8382006195	25_Quies	0	0	0	0	0	0	0	0	0	0	0	0	0	0	0	0	0	0	0	0	0	0	0	0	0	0	0
FOXP1_chr3_71247439	4.462659381	81.2160583204	81.9477192271	60	70.6080291602	25_Quies	0	0	0	0	0	0	0	0	0	0	0	0	0	0	0	0	0	0	0	0	0	0	0	0	0	0	1
CD27_chr12_6559446	1.834504294	90.7207056735	91.2756862656	51	70.86035283675	16_EnhW1	0	0	0	0	0	0	0	0	1	0	0	0	1	0	1	0	0	0	0	0	0	0	0	0	0	0	1
PIK3R1_chr5_67522711	0.168833361	1.09594132267	1.00758855447	0	-18.90405867733	11_TxEnh3	0	0	0	0	0	0	0	0	0	0	1	0	1	0	0	0	0	0	0	0	0	0	0	0	0	0	0
C5AR2_chr19_47844066	0.269784173	67.2886365958	68.0967235266	0	47.2886365958	25_Quies	0	0	0	0	0	0	0	0	0	0	0	0	0	0	0	0	0	0	0	0	0	0	0	0	0	0	0
CYLD_chr16_50783723	0.212636695	20.3162832679	20.5990151632	0	0.316283267900001	8_TxWk	0	0	0	0	0	0	0	0	0	0	1	0	0	0	0	0	0	0	0	0	0	0	0	0	0	0	0
SCNN1B_chr16_23364263	0.145273425	32.5639916687	33.0939033321	0	12.5639916687	25_Quies	0	0	0	0	0	0	0	0	0	0	0	0	0	0	0	0	0	0	0	0	0	0	0	0	0	0	0
