Actual	sgRNAscorer.Hg	sgRNAscorer.Mm	WU.CRISPR	Combined	State	DNase	H2A.Z	H2AK5ac	H2AK9ac	H2BK120ac	H2BK12ac	H2BK15ac	H2BK20ac	H2BK5ac	H3K14ac	H3K18ac	H3K23ac	H3K23me2	H3K27ac	H3K27me3	H3K36me3	H3K4ac	H3K4me1	H3K4me2	H3K4me3	H3K56ac	H3K79me1	H3K79me2	H3K9ac	H3K9me1	H3K9me3	H3T11ph	H4K12ac	H4K20me1	H4K5ac	H4K8ac	H4K91ac	Class
EARS2_s_17278	1.538069367	33.3381633802	33.8877643064	0	13.3381633802	3_PromD1	1	1	0	0	1	0	0	0	1	1	1	0	1	1	0	0	1	1	1	1	0	1	1	1	0	0	1	1	0	0	1	1	1
HSPA9_s_26292	1.250106802	75.7154092137	76.48173604	57	66.35770460685	4_PromD2	0	0	0	0	0	0	0	0	0	0	0	0	0	0	0	1	0	1	1	0	0	0	1	0	0	0	0	0	0	0	0	0	1
E2F5_s_17245	1.248874657	95.4096488113	95.7690864252	0	75.4096488113	25_Quies	0	0	0	0	0	0	0	0	0	0	0	0	0	0	0	0	0	0	0	0	0	0	0	0	0	0	0	0	0	0	0	0	1
POLD2_s_42972	1.239852927	51.3223082905	52.0816034799	0	31.3223082905	6_Tx	0	0	0	0	0	0	0	0	0	0	0	0	0	0	0	1	0	1	0	0	0	1	1	0	0	0	0	0	0	0	0	0	1
RPS29_s_48310	1.219886114	25.5066663865	25.9366081729	0	5.5066663865	3_PromD1	1	1	0	0	1	0	0	0	1	1	1	0	0	1	0	0	1	0	1	1	0	1	1	1	0	0	0	1	0	0	1	1	1
CARS2_s_9155	1.218845304	75.6907427912	76.4592403252	62	68.8453713956	7_Tx3	0	0	0	0	0	0	0	0	0	0	0	0	0	0	0	1	0	0	0	0	0	0	0	0	0	0	0	0	0	0	0	0	1
EXOSC3_s_19005	1.20831886	40.591050255	41.2435704321	0	20.591050255	6_Tx	0	0	0	0	0	0	0	0	0	0	0	0	0	0	0	1	0	0	0	0	0	0	1	0	0	0	0	0	0	0	0	0	1
FARS2_s_20317	1.205512829	78.5735802335	79.3245725631	63	70.78679011675	7_Tx3	0	0	0	0	0	0	0	0	0	0	0	0	0	0	0	1	0	0	0	0	0	0	0	0	0	0	0	0	0	0	0	0	1
PSMC5_s_44763	1.170759152	5.91256730265	5.81296587162	0	-14.08743269735	3_PromD1	0	0	1	0	0	0	0	0	0	1	1	0	1	1	0	0	1	1	1	1	0	1	1	1	0	0	0	1	0	0	1	1	1
ZBTB17_s_62582	1.162820089	67.6212092889	68.4323669077	0	47.6212092889	6_Tx	0	0	0	0	0	0	0	0	0	0	0	0	0	0	0	1	0	0	0	0	0	0	0	0	0	0	0	0	0	0	0	0	1
PRPF19_s_44303	1.156607616	73.6692022569	74.4498426032	0	53.6692022569	6_Tx	0	0	0	0	0	0	0	0	0	0	0	0	0	0	0	1	0	0	0	0	0	0	1	0	0	0	0	0	1	0	0	0	1
HARS_s_24721	1.15471984	84.7515788907	85.4342624003	0	64.7515788907	3_PromD1	0	1	0	0	0	0	0	0	0	1	1	0	1	1	0	0	1	1	1	1	0	0	1	1	0	0	0	1	0	0	1	1	1
WARS_s_61563	1.094313261	75.678981074	76.4471694538	76	75.839490537	11_TxEnh3	0	0	1	0	0	1	0	0	1	1	1	0	0	1	0	1	1	1	0	0	0	0	0	0	0	0	0	0	0	0	1	1	1
SMC1A_s_52544	1.084062596	76.2730768394	77.0347282627	59	67.6365384197	7_Tx3	0	0	0	0	0	0	0	0	0	0	0	0	0	0	0	1	0	0	0	0	0	0	0	0	0	0	0	0	0	0	0	0	1
NARS2_s_36098	1.07439898	77.6698084094	78.4275605062	47	62.3349042047	8_TxWk	0	0	0	0	0	0	0	0	0	0	0	0	0	0	0	0	0	0	0	0	0	0	0	0	0	0	0	0	0	0	0	0	1
SRSF1_s_53938	1.050963763	36.0123870423	36.6030519552	48	42.00619352115	3_PromD1	1	1	0	0	1	0	0	0	1	1	1	0	0	1	0	0	1	1	1	1	0	0	1	1	0	0	0	1	0	0	1	1	1
DDX5_s_15448	1.0455512	64.3363349678	65.1605023531	65	64.6681674839	9_TxReg	0	0	0	0	0	0	0	0	0	0	0	0	1	1	0	1	0	1	1	1	0	0	1	1	0	0	0	0	1	0	0	0	1
ORC1_s_39578	1.043710389	40.0591551695	40.7085016244	0	20.0591551695	7_Tx3	0	0	0	0	0	0	0	0	0	0	0	0	0	0	0	0	0	0	0	0	0	0	0	0	0	0	0	0	0	0	0	0	1
PRPF3_s_44306	1.042231564	92.1665857357	92.6707132129	0	72.1665857357	6_Tx	0	0	0	0	0	0	0	0	0	0	0	0	0	0	0	1	0	0	0	0	0	0	1	0	0	0	0	0	0	0	0	0	1
NCBP1_s_36224	1.035861837	60.3484491678	61.1480715503	24	42.1742245839	7_Tx3	0	0	0	0	0	0	0	0	0	0	0	0	0	0	0	1	0	0	0	0	0	0	0	0	0	0	0	0	0	0	0	0	1
GTF2IRD1_s_24425	1.006605352	98.2514861612	98.4185329575	73	85.6257430806	7_Tx3	0	0	0	0	0	0	0	0	0	0	0	0	0	0	0	1	0	0	0	0	0	0	0	0	0	0	0	0	0	0	0	0	1
RNASEH2C_s_47483	0.996734561	76.848958535	77.6061925765	66	71.4244792675	9_TxReg	1	1	0	0	0	0	0	0	0	1	1	1	1	1	0	1	1	1	1	1	0	1	1	1	0	0	0	1	1	0	1	1	1
PSMA3_s_44677	0.990461756	28.263037716	28.7425370923	0	8.263037716	7_Tx3	0	0	0	0	0	0	0	0	0	0	0	0	0	0	0	1	0	0	0	0	0	0	0	0	0	0	0	0	0	0	0	0	1
EXOSC5_s_19014	0.966799002	95.3001431685	95.6634114331	81	88.15007158425	7_Tx3	0	0	0	0	0	0	0	0	0	0	0	0	0	0	0	1	0	0	0	0	0	0	0	0	0	0	0	0	0	0	0	0	1
CCNA2_s_10010	0.956656389	82.1022428747	82.8332456671	72	77.05112143735	3_PromD1	1	1	0	0	1	0	0	0	1	1	1	0	1	1	0	0	1	1	1	1	0	1	1	1	0	0	0	1	0	0	1	1	1
E2F2_s_17231	0.95407267	92.5627601911	93.0550058635	0	72.5627601911	7_Tx3	0	0	0	0	0	0	0	0	0	0	0	0	0	0	0	1	0	0	0	0	0	0	0	0	0	0	0	0	0	0	0	0	1
RPA1_s_48046	0.951622352	68.2095532428	69.0197062462	67	67.6047766214	7_Tx3	0	0	0	0	0	0	0	0	0	0	0	0	0	0	0	1	0	0	0	0	0	0	0	0	0	0	0	0	0	0	0	0	1
RPL27_s_48150	0.945035546	18.7525648102	19.0056601413	0	-1.2474351898	9_TxReg	0	0	0	0	0	0	0	0	0	0	0	0	0	1	0	1	0	1	1	1	0	0	1	1	0	0	0	0	0	0	0	0	1
VARS2_s_61116	0.943932078	45.4218345403	46.1256526501	0	25.4218345403	2_PromU	0	1	0	0	0	0	0	0	0	0	1	0	0	1	0	0	0	1	1	1	0	0	0	1	0	0	0	1	0	0	1	0	1
CDC23_s_10597	0.940377914	68.299664957	69.1094696352	63	65.6498324785	3_PromD1	0	1	1	0	1	0	0	0	1	1	1	0	1	1	0	0	1	1	1	1	1	1	1	1	0	0	1	1	0	1	1	1	1
TGFB3_s_56347	0.939333732	47.9070595744	48.6408930396	0	27.9070595744	8_TxWk	0	0	0	0	0	0	0	0	0	0	0	0	0	0	0	0	0	0	0	0	0	0	0	0	0	0	0	0	0	0	0	0	1
TRA2B_s_58632	0.938987166	63.8177501642	64.6404306887	0	43.8177501642	6_Tx	0	0	0	0	0	0	0	0	0	0	0	0	0	0	0	1	0	0	0	0	0	0	1	0	0	0	0	0	1	0	0	0	1
RPS18_s_48283	0.931454137	71.5346533741	72.3420124118	53	62.26732668705	9_TxReg	0	0	0	0	0	0	0	0	0	0	0	0	0	1	0	1	0	1	1	1	0	0	1	0	0	0	0	0	1	0	0	0	1
EIF4G1_s_17873	0.928927731	98.5194247156	98.6702289149	0	78.5194247156	10_TxEnh5	0	0	0	0	0	0	0	0	0	0	0	0	0	0	0	1	0	1	0	0	0	1	1	0	0	0	0	0	1	0	0	0	1
SNRPA_s_52824	0.923157593	90.0522788051	90.6296020197	78	84.02613940255	3_PromD1	1	1	0	0	1	0	0	0	1	1	1	0	0	1	0	0	1	0	1	1	0	0	1	1	0	0	0	1	0	0	1	1	1
GTF2A1_s_24377	0.920002719	2.0862484141	1.95859032706	0	-17.9137515859	8_TxWk	0	0	0	0	0	0	0	0	0	0	0	0	0	0	0	1	0	0	0	0	0	0	1	0	0	0	0	0	0	0	0	0	1
RFC3_s_46880	0.912156216	87.0951840008	87.7354094257	76	81.5475920004	1_TssA	1	1	0	0	1	0	0	0	0	1	1	0	0	1	0	0	1	0	1	1	0	0	1	1	0	0	1	1	0	0	1	1	1
POLR3C_s_43111	0.911212409	29.1061574249	29.6065920126	0	9.1061574249	12_TxEnhW	0	0	0	0	0	0	0	0	0	0	0	0	0	0	0	0	0	1	1	0	0	0	1	0	0	0	0	0	0	0	0	0	1
RFC2_s_46875	0.899575309	34.7358535854	35.3265390178	62	48.3679267927	8_TxWk	0	0	0	0	0	0	0	0	0	0	0	0	0	0	0	0	0	0	0	0	0	0	1	0	0	0	0	0	0	0	0	0	1
MRPL13_s_34651	0.890827271	58.9080259525	59.699018309	0	38.9080259525	12_TxEnhW	0	0	0	0	0	0	0	0	0	0	0	0	0	0	0	0	0	1	0	0	0	0	1	0	0	0	0	0	0	0	0	0	1
PSMB2_s_44713	0.89025552	38.4483161019	39.0776171661	0	18.4483161019	6_Tx	0	0	0	0	0	0	0	0	0	0	0	0	0	0	0	1	0	0	0	0	0	1	1	0	0	0	0	0	0	0	0	0	1
XAB2_s_62211	0.889142664	82.7398459326	83.4637475154	53	67.8699229663	7_Tx3	0	0	0	0	0	0	0	0	0	0	0	0	0	0	0	1	0	0	0	0	0	0	0	0	0	0	0	0	0	0	0	0	1
POLR3B_s_43105	0.882598695	94.226139845	94.648141415	73	83.6130699225	8_TxWk	0	0	0	0	0	0	0	0	0	0	0	0	0	0	0	0	0	0	0	0	0	0	0	0	0	0	0	0	0	0	0	0	1
FZR1_s_21894	0.881627415	25.8658227727	26.2955154152	0	5.8658227727	7_Tx3	0	0	0	0	0	0	0	0	0	0	0	0	0	0	0	1	0	0	0	0	0	0	0	0	0	0	0	0	0	0	0	0	1
ACIN1_s_621	0.881210101	33.8414100197	34.4069215108	0	13.8414100197	9_TxReg	1	0	1	0	0	1	0	0	0	0	1	0	0	1	0	1	1	1	1	0	0	1	1	1	0	0	0	0	1	0	1	1	1
HNRNPA1L2_s_25716	0.88053882	71.2372552208	72.0363267387	78	74.6186276104	8_TxWk	0	0	0	0	0	0	0	0	0	0	0	0	0	0	0	0	0	0	0	0	0	0	0	0	0	0	0	0	0	0	0	0	1
WDR61_s_61794	0.876758693	65.4837845003	66.2904090709	73	69.24189225015	7_Tx3	0	0	0	0	0	0	0	0	0	0	0	0	0	0	0	1	0	0	0	0	0	0	0	0	0	0	0	0	0	0	0	0	1
CCND1_s_10032	0.873355204	59.0013085371	59.7962071127	52	55.50065426855	9_TxReg	1	0	0	0	1	0	0	0	1	1	1	0	1	1	1	1	1	1	1	1	0	1	1	1	0	0	0	1	0	0	1	1	1
RPL7A_s_48204	0.870518985	71.3060926064	72.1078375071	0	51.3060926064	9_TxReg	0	0	0	0	0	0	0	0	0	0	0	0	1	1	0	1	0	1	1	1	0	0	1	1	0	0	0	1	1	0	0	0	1
TRA2B_s_58634	0.867121685	32.404231416	32.9322268124	0	12.404231416	6_Tx	0	0	0	0	0	0	0	0	0	0	0	0	0	0	0	1	0	0	0	0	0	0	1	0	0	0	0	0	1	0	0	0	1
POLD3_s_42978	0.865997775	66.3316605148	67.1220921088	0	46.3316605148	8_TxWk	0	0	0	0	0	0	0	0	0	0	0	0	0	0	0	0	0	0	0	0	0	0	0	0	0	0	0	0	0	0	0	0	1
PSMB3_s_44717	0.865852106	37.6866435193	38.3068005826	0	17.6866435193	3_PromD1	1	1	0	0	0	0	0	0	0	1	1	0	1	1	0	0	1	1	1	1	0	1	1	1	0	0	0	1	0	0	1	1	1
FEN1_s_20796	0.865223343	49.9700795188	50.714997948	0	29.9700795188	10_TxEnh5	0	0	0	0	0	0	0	0	0	0	0	0	0	1	0	1	0	1	1	0	0	1	1	0	0	0	0	1	0	0	0	0	1
SRSF6_s_53966	0.859805464	73.7114190788	74.4939561513	0	53.7114190788	6_Tx	0	0	0	0	0	0	0	0	0	0	0	0	0	0	0	1	0	0	0	0	0	0	1	0	0	0	0	0	1	0	0	0	1
PSMB5_s_44724	0.855402739	50.7120447727	51.4582344192	0	30.7120447727	11_TxEnh3	0	0	0	0	0	0	0	0	0	0	0	0	0	0	0	1	0	1	0	0	0	0	1	0	0	0	0	0	0	0	0	0	1
RPL28_s_48156	0.853597763	20.3007238802	20.5817501593	0	0.3007238802	9_TxReg	1	1	1	0	1	0	0	0	1	1	1	1	1	1	0	1	1	1	1	1	1	1	1	1	0	0	0	1	1	1	1	1	1
PARN_s_40280	0.844741427	71.8986766778	72.7089669017	27	49.4493383389	7_Tx3	0	0	0	0	0	0	0	0	0	0	0	0	0	0	0	1	0	0	0	0	0	0	0	0	0	0	0	0	0	0	0	0	1
PSMD7_s_44807	0.839630092	22.057902307	22.3927100716	0	2.057902307	3_PromD1	1	1	1	0	1	0	0	0	1	1	1	1	1	1	0	0	1	0	1	1	1	1	1	1	0	0	1	1	0	1	1	1	1
POLR1E_s_43050	0.831730205	72.0579207422	72.8669855815	62	67.0289603711	7_Tx3	0	0	0	0	0	0	0	0	0	0	0	0	0	0	0	1	0	0	0	0	0	0	0	0	0	0	0	0	0	0	0	0	1
PSMC4_s_44761	0.830221302	12.0326053973	12.0852832668	0	-7.9673946027	4_PromD2	0	0	0	0	0	0	0	0	0	0	0	0	1	1	0	1	0	1	1	1	0	1	1	1	0	0	0	1	0	0	0	0	1
RPL28_s_48153	0.82108619	69.9347280002	70.734977069	0	49.9347280002	9_TxReg	0	0	0	0	0	0	0	0	0	1	1	0	1	1	0	1	1	1	1	1	0	1	1	1	0	0	0	1	1	0	1	1	1
TBPL1_s_55662	0.81975931	13.510120423	13.6048230813	0	-6.489879577	8_TxWk	0	0	0	0	0	0	0	0	0	0	0	0	0	0	0	0	0	0	0	0	0	0	0	0	0	0	0	0	0	0	0	0	1
RPL14_s_48124	0.81770737	92.1343608428	92.6398410449	0	72.1343608428	4_PromD2	0	0	0	0	0	0	0	0	0	0	0	0	0	0	0	1	0	1	1	1	0	0	1	0	0	0	0	0	1	0	0	0	1
PSMB9_s_44745	0.812414995	95.1919464315	95.5619063783	0	75.1919464315	7_Tx3	0	0	0	0	0	0	0	0	0	0	0	0	0	0	0	1	0	0	0	0	0	0	0	0	0	0	0	0	0	0	0	0	1
FARSB_s_20324	0.790410678	7.12022650339	7.03069732327	0	-12.87977349661	3_PromD1	1	1	0	0	1	0	0	0	1	1	1	0	1	1	0	0	1	0	1	1	0	1	1	1	0	0	1	1	0	0	1	1	1
RPS8_s_48375	0.789865063	21.091561097	21.3963876637	0	1.091561097	4_PromD2	0	0	0	0	0	0	0	0	0	0	0	0	0	0	0	1	0	1	1	1	0	1	1	0	0	0	0	1	1	0	0	0	1
LSM5_s_31959	0.788021144	6.50795353864	6.40703563541	0	-13.49204646136	5_Tx5	0	0	0	0	0	0	0	0	0	0	0	0	0	0	0	0	0	0	0	0	0	0	0	0	0	0	0	0	0	0	0	0	1
ESPL1_s_18742	0.787799699	20.6878281713	20.9748947822	0	0.687828171300001	4_PromD2	0	0	0	0	0	0	0	0	0	0	0	0	0	1	0	1	0	1	1	1	0	1	1	0	0	0	0	1	0	0	0	0	1
RPA3_s_48051	0.785910474	82.6927621932	83.4161224411	0	62.6927621932	8_TxWk	0	0	0	0	0	0	0	0	0	0	0	0	0	0	0	0	0	0	0	0	0	0	0	0	0	0	0	0	0	0	0	0	1
VARS_s_61112	0.783938969	33.1142114359	33.6600637781	0	13.1142114359	12_TxEnhW	0	0	0	0	0	0	0	0	0	0	0	0	0	0	0	1	0	1	1	0	0	0	1	0	0	0	0	0	0	0	0	0	1
SARS_s_49052	0.78120176	65.7559631722	66.556041398	0	45.7559631722	7_Tx3	0	0	0	0	0	0	0	0	0	0	0	0	0	0	0	1	0	0	0	0	0	0	0	0	0	0	0	0	0	0	0	0	1
TARS_s_55391	0.78112204	21.7463458483	22.0759411439	75	48.37317292415	7_Tx3	0	0	0	0	0	0	0	0	0	0	0	0	0	0	0	1	0	0	0	0	0	0	0	0	0	0	0	0	0	0	0	0	1
RPA2_s_48049	0.777052598	75.2461941259	76.0188729903	66	70.62309706295	7_Tx3	0	0	0	0	0	0	0	0	0	0	0	0	0	0	0	1	0	0	0	0	0	0	0	0	0	0	0	0	0	0	0	0	1
MAD2L2_s_32327	0.773692862	87.8491137601	88.4707083846	75	81.42455688005	3_PromD1	0	1	0	0	0	0	0	0	0	1	1	0	1	1	0	0	1	1	1	1	0	0	1	1	0	0	0	1	0	0	1	0	1
PRPF38B_s_44316	0.773561461	67.8383770453	68.6523859723	52	59.91918852265	6_Tx	0	0	0	0	0	0	0	0	0	0	0	0	0	0	0	1	0	0	0	0	0	0	1	0	0	0	0	0	1	0	0	0	1
ANAPC2_s_2321	0.772935546	64.3824969425	65.2094808282	46	55.19124847125	7_Tx3	0	0	0	0	0	0	0	0	0	0	0	0	0	0	0	1	0	0	0	0	0	0	0	0	0	0	0	0	0	0	0	0	1
SNRPB_s_52831	0.769698386	10.2536733244	10.2523397372	0	-9.7463266756	6_Tx	0	0	0	0	0	0	0	0	0	0	0	0	0	0	0	1	0	0	0	0	0	0	0	0	0	0	0	0	1	0	0	0	1
RPS23_s_48296	0.768204532	62.3876875837	63.1979981374	0	42.3876875837	11_TxEnh3	0	0	0	0	0	0	0	0	0	0	0	0	0	0	0	1	0	1	0	0	0	0	1	0	0	0	0	0	0	0	0	0	1
ANAPC11_s_2307	0.765421134	49.4769354201	50.2140567858	0	29.4769354201	6_Tx	0	0	0	0	0	0	0	0	0	0	0	0	0	0	0	1	0	0	0	0	0	1	1	0	0	0	0	0	0	0	0	0	1
POLR3B_s_43108	0.762669442	91.6903652363	92.2165558219	0	71.6903652363	8_TxWk	0	0	0	0	0	0	0	0	0	0	0	0	0	0	0	0	0	0	0	0	0	0	0	0	0	0	0	0	0	0	0	0	1
ORC5_s_39591	0.752353029	35.8465431428	36.4345352751	64	49.9232715714	3_PromD1	1	1	0	0	0	0	0	0	1	1	1	0	1	1	0	0	1	0	1	1	0	1	1	1	0	0	0	1	0	0	1	1	1
AARS2_s_76	0.751036116	39.1445065222	39.7907861941	62	50.5722532611	4_PromD2	0	0	0	0	0	0	0	0	0	0	0	0	0	0	0	0	0	1	1	1	0	1	1	1	0	0	0	1	0	0	0	0	1
POLR1D_s_43042	0.74865162	86.4502805667	87.1024202463	64	75.22514028335	12_TxEnhW	0	0	0	0	0	0	0	0	0	0	0	0	0	0	0	1	0	1	1	1	0	0	1	0	0	0	0	0	1	0	0	0	1
DARS_s_14983	0.744747063	60.9822176847	61.7839138447	47	53.99110884235	8_TxWk	0	0	0	0	0	0	0	0	0	0	0	0	0	0	0	0	0	0	0	0	0	0	0	0	0	0	0	0	0	0	0	0	1
RNASEH1_s_47470	0.733877454	36.0359473473	36.6293884019	0	16.0359473473	12_TxEnhW	0	0	0	0	0	0	0	0	0	0	0	0	0	0	0	1	0	1	0	0	0	0	1	0	0	0	0	0	0	0	0	0	1
MCM7_s_33184	0.732464553	30.7296799744	31.2441337394	0	10.7296799744	10_TxEnh5	0	0	0	0	0	0	0	0	0	0	0	0	0	1	0	1	0	1	1	0	0	1	1	0	0	0	0	0	1	0	0	0	1
CNOT3_s_12686	0.729070479	99.1620421733	99.2513499258	0	79.1620421733	6_Tx	0	0	0	0	0	0	0	0	0	0	0	0	0	0	0	1	0	0	0	0	0	0	1	0	0	0	0	0	0	0	0	0	1
TAF9_s_55301	0.726034855	91.2148821487	91.7533269882	0	71.2148821487	8_TxWk	0	0	0	0	0	0	0	0	0	0	0	0	0	0	0	0	0	0	0	0	0	0	0	0	0	0	0	0	0	0	0	0	1
RPS21_s_48294	0.724518217	65.5158987814	66.3218299148	53	59.2579493907	9_TxReg	0	0	1	1	0	0	0	0	0	1	1	0	1	1	0	1	1	1	1	1	0	1	1	1	0	0	0	1	1	0	1	1	1
POLR2B_s_43058	0.723935376	25.3754070974	25.7965860649	0	5.3754070974	7_Tx3	0	0	0	0	0	0	0	0	0	0	0	0	0	0	0	1	0	0	0	0	0	0	0	0	0	0	0	0	0	0	0	0	1
ANAPC5_s_2326	0.722780277	98.557585773	98.7035152572	83	90.7787928865	11_TxEnh3	0	0	0	0	0	0	0	0	0	0	0	0	0	0	0	1	0	1	0	0	0	0	0	0	0	0	0	0	0	0	0	0	1
POLD4_s_42981	0.721023714	77.8527971318	78.6054778346	47	62.4263985659	3_PromD1	1	1	1	0	1	1	0	0	1	1	1	1	1	1	0	0	1	1	1	1	0	1	1	1	0	0	1	1	0	1	1	1	1
POLR3H_s_43130	0.720026845	94.4204847081	94.8303018376	85	89.71024235405	12_TxEnhW	0	0	0	0	0	0	0	0	0	0	0	0	0	0	0	1	0	1	0	0	0	1	1	0	0	0	0	0	1	0	0	0	1
YARS_s_62377	0.718966933	16.6744647958	16.8525093147	0	-3.3255352042	6_Tx	0	0	0	0	0	0	0	0	0	0	0	0	0	0	0	1	0	0	0	0	0	0	1	0	0	0	0	0	0	0	0	0	1
PCNA_s_40750	0.7154438	31.6976434902	32.2208501259	0	11.6976434902	9_TxReg	0	0	0	0	0	0	0	0	0	1	0	0	1	1	0	0	0	1	1	1	0	0	1	1	0	0	0	1	1	0	0	0	1
SNRPD3_s_52843	0.715365808	47.1674724733	47.9028141225	0	27.1674724733	12_TxEnhW	0	0	0	0	0	0	0	0	0	0	0	0	0	0	0	1	0	1	1	0	0	0	1	0	0	0	0	0	1	0	0	0	1
SF3A3_s_50176	0.715180576	87.1912318795	87.830257212	46	66.59561593975	7_Tx3	0	0	0	0	0	0	0	0	0	0	0	0	0	0	0	1	0	0	0	0	0	0	0	0	0	0	0	0	0	0	0	0	1
RFC5_s_46887	0.714506082	51.6030778091	52.3678294452	35	43.30153890455	7_Tx3	0	0	0	0	0	0	0	0	0	0	0	0	0	0	0	1	0	0	0	0	0	0	0	0	0	0	0	0	0	0	0	0	1
SNRNP40_s_52813	0.711122478	66.7870122621	67.5911003294	71	68.89350613105	7_Tx3	0	0	0	0	0	0	0	0	0	0	0	0	0	0	0	1	0	0	0	0	0	0	0	0	0	0	0	0	0	0	0	0	1
SHFM1_s_50567	0.698849887	38.0998153152	38.726354809	0	18.0998153152	8_TxWk	0	0	0	0	0	0	0	0	0	0	0	0	0	0	0	0	0	0	0	0	0	0	0	0	0	0	0	0	0	0	0	0	1
DHX15_s_15894	0.696835411	47.3892859237	48.126125243	0	27.3892859237	6_Tx	0	0	0	0	0	0	0	0	0	0	0	0	0	0	0	1	0	1	0	0	0	0	1	0	0	0	0	0	1	0	0	0	1
LARS2_s_30547	0.695898533	19.5919605898	19.8588878558	41	30.2959802949	7_Tx3	0	0	0	0	0	0	0	0	0	0	0	0	0	0	0	1	0	0	0	0	0	0	0	0	0	0	0	0	0	0	0	0	1
POLR3B_s_43107	0.680255363	89.286992905	89.8831832278	0	69.286992905	8_TxWk	0	0	0	0	0	0	0	0	0	0	0	0	0	0	0	0	0	0	0	0	0	0	0	0	0	0	0	0	0	0	0	0	1
TAF5_s_55273	0.678383441	45.6019473569	46.3040820761	0	25.6019473569	8_TxWk	0	0	0	0	0	0	0	0	0	0	0	0	0	0	0	0	0	0	0	0	0	0	0	0	0	0	0	0	0	0	0	0	1
ANAPC13_s_2311	0.678145808	86.1769957772	86.8323253546	0	66.1769957772	10_TxEnh5	0	0	0	0	0	0	0	0	0	0	0	0	0	0	0	1	0	1	0	0	0	0	1	0	0	0	0	0	0	0	0	0	1
POLE2_s_42995	0.669864051	78.1761153076	78.9272214244	60	69.0880576538	3_PromD1	1	1	0	0	1	0	0	0	0	1	1	0	1	1	0	0	0	1	1	1	0	0	0	1	0	0	0	1	0	0	1	0	1
MCM7_s_33183	0.669499449	77.5848585773	78.3455151592	62	69.79242928865	12_TxEnhW	0	0	0	0	0	0	0	0	0	0	0	0	0	1	0	1	0	1	1	0	0	1	1	0	0	0	0	1	0	0	0	0	1
WEE1_s_61916	0.666285395	91.4257450347	91.9561907841	50	70.71287251735	3_PromD1	1	1	0	0	1	0	0	0	1	1	1	0	0	1	0	0	1	0	1	1	0	1	1	1	0	0	0	1	0	0	1	1	1
RPL38_s_48188	0.663748939	76.729018516	77.4856301763	0	56.729018516	3_PromD1	1	1	1	0	1	0	0	0	1	1	1	0	1	1	0	0	1	0	1	1	1	1	1	1	0	0	1	1	1	1	1	1	1
PLRG1_s_42638	0.663332115	60.2324543017	61.0281309829	64	62.11622715085	12_TxEnhW	0	0	0	0	0	0	0	0	0	0	0	0	0	0	0	0	0	1	1	0	0	0	1	0	0	0	0	0	0	0	0	0	1
EIF2S1_s_17793	0.663151011	52.6765649444	53.4529276252	0	32.6765649444	7_Tx3	0	0	0	0	0	0	0	0	0	0	0	0	0	0	0	1	0	0	0	0	0	0	0	0	0	0	0	0	0	0	0	0	1
CCNH_s_10069	0.662715548	13.6365865358	13.7406386735	0	-6.3634134642	12_TxEnhW	1	0	0	0	0	0	0	0	0	0	0	0	0	0	0	0	0	1	1	0	0	0	1	0	0	0	0	0	0	0	0	0	1
PSMC6_s_44766	0.662063186	15.8985970373	16.0591238596	57	36.44929851865	3_PromD1	1	1	0	0	0	0	0	0	0	0	0	0	0	1	0	0	0	0	1	1	0	0	1	1	0	0	0	1	0	0	0	0	1
CHEK1_s_11628	0.659584341	72.6203446736	73.4202704314	0	52.6203446736	3_PromD1	1	1	0	0	1	0	0	0	1	1	1	0	1	1	0	0	1	1	1	1	0	1	1	1	0	0	0	1	0	1	1	1	1
SRSF4_s_53957	0.652230895	50.534125756	51.2770616134	0	30.534125756	6_Tx	0	0	0	0	0	0	0	0	0	0	0	0	0	0	0	1	0	0	0	0	0	0	1	0	0	0	0	0	0	0	0	0	1
CDC16_s_10586	0.649488719	87.9752849082	88.5961722901	60	73.9876424541	11_TxEnh3	0	0	0	0	0	0	0	0	0	0	0	0	0	0	0	1	0	0	0	0	0	0	0	0	0	0	0	0	0	0	0	0	1
RPS5_s_48326	0.645921347	41.7007811771	42.3599065641	0	21.7007811771	11_TxEnh3	0	0	0	0	0	0	0	0	0	0	0	0	0	0	0	1	0	1	0	0	0	0	0	0	0	0	0	0	1	0	0	0	1
SART1_s_49058	0.638771722	86.155684578	86.8112561973	0	66.155684578	7_Tx3	0	0	0	0	0	0	0	0	0	0	0	0	0	0	0	1	0	0	0	0	0	0	0	0	0	0	0	0	0	0	0	0	1
CREBBP_s_13566	0.634228955	13.6167501601	13.7206302897	0	-6.3832498399	12_TxEnhW	0	0	0	0	0	0	0	0	0	0	0	0	0	0	0	1	0	1	0	0	0	1	1	0	0	0	0	0	1	0	0	0	1
EIF2S2_s_17795	0.633634114	49.207890748	49.9431937477	38	43.603945374	3_PromD1	1	1	1	0	1	1	0	0	1	1	1	1	1	1	0	0	1	0	1	1	1	1	1	1	0	0	1	1	0	1	1	1	1
EIF4A2_s_17838	0.633561511	42.3240415767	42.9986019736	0	22.3240415767	9_TxReg	1	0	0	0	0	0	0	0	0	1	1	0	0	1	0	1	1	0	1	1	0	1	1	1	0	0	0	1	1	0	1	0	1
POLR3D_s_43114	0.628328196	98.4313777543	98.5852938745	78	88.21568887715	6_Tx	0	0	0	0	0	0	0	0	0	0	0	0	0	0	0	1	0	0	0	0	0	1	1	0	0	0	0	0	0	0	0	0	1
RPL37A_s_48186	0.627159524	3.49153396021	3.35006916975	0	-16.50846603979	9_TxReg	0	0	0	0	0	0	0	0	0	0	0	0	0	1	0	1	0	1	1	1	0	0	1	1	0	0	0	0	1	0	0	0	1
EIF6_s_17908	0.626281002	63.4146071679	64.2390193478	0	43.4146071679	6_Tx	0	0	0	0	0	0	0	0	0	0	0	0	0	0	0	1	0	0	0	0	0	0	1	0	0	0	0	0	0	0	0	0	1
LARS2_s_30546	0.625669081	57.5098564296	58.2835074587	77	67.2549282148	7_Tx3	0	0	0	0	0	0	0	0	0	0	0	0	0	0	0	1	0	0	0	0	0	0	0	0	0	0	0	0	0	0	0	0	1
POLR2E_s_43069	0.624019398	56.7715229285	57.5406367714	63	59.88576146425	9_TxReg	0	0	0	0	0	1	0	0	0	1	1	0	1	1	0	1	0	1	1	1	0	1	1	1	0	0	0	1	1	0	0	1	1
PSMD12_s_44777	0.62192909	37.8712545475	38.4932040994	0	17.8712545475	7_Tx3	0	0	0	0	0	0	0	0	0	0	0	0	0	0	0	1	0	0	0	0	0	0	0	0	0	0	0	0	0	0	0	0	1
MCM5_s_33172	0.619057035	36.2648768209	36.8733297389	0	16.2648768209	7_Tx3	0	0	0	0	0	0	0	0	0	0	0	0	0	0	0	1	0	0	0	0	0	0	0	0	0	0	0	0	0	0	0	0	1
AARS2_s_74	0.618083666	81.2800287886	82.0074151729	27	54.1400143943	3_PromD1	1	1	0	0	0	0	0	0	0	1	1	0	0	1	0	0	1	0	1	1	0	1	1	1	0	0	0	1	0	0	1	0	1
PKMYT1_s_42184	0.616953158	56.9465844748	57.7185540998	0	36.9465844748	11_TxEnh3	0	0	0	0	0	0	0	0	0	0	0	0	0	0	0	1	0	1	1	0	0	1	1	0	0	0	0	1	0	0	0	0	1
ORC6_s_39592	0.615258718	82.6202377489	83.3433680072	55	68.81011887445	3_PromD1	1	1	0	0	0	0	0	0	0	1	1	0	1	1	0	0	1	1	1	1	0	1	1	1	0	0	0	0	0	0	1	1	1
PSMD13_s_44781	0.614149922	94.3576940988	94.7719592926	0	74.3576940988	7_Tx3	0	0	0	0	0	0	0	0	0	0	0	0	0	0	0	1	0	0	0	0	0	0	0	0	0	0	0	0	0	0	0	0	1
CDKN2A_s_10961	0.609842646	19.4895709702	19.7506157973	0	-0.510429029800001	2_PromU	0	1	0	0	0	0	0	0	0	0	1	0	1	1	1	0	0	1	1	1	0	0	0	1	0	0	0	1	0	0	0	0	1
POLR3C_s_43112	0.608703972	77.9892920442	78.7409276428	52	64.9946460221	6_Tx	0	0	0	0	0	0	0	0	0	0	0	0	0	0	0	1	0	0	0	0	0	0	1	0	0	0	0	0	0	0	0	0	1
SNRPD2_s_52839	0.603935099	85.6098155401	86.2653967622	71	78.30490777005	7_Tx3	0	0	0	0	0	0	0	0	0	0	0	0	0	0	0	1	0	0	0	0	0	0	0	0	0	0	0	0	0	0	0	0	1
VARS2_s_61122	0.603250012	86.4703012954	87.1211118077	17	51.7351506477	13_EnhA1	0	0	0	0	0	0	0	0	0	0	0	0	0	1	0	1	0	1	0	0	0	0	0	1	0	0	0	0	0	0	0	0	1
NARS2_s_36099	0.60028258	66.8955592697	67.6953853425	74	70.44777963485	7_Tx3	0	0	0	0	0	0	0	0	0	0	0	0	0	0	0	1	0	0	0	0	0	0	0	0	0	0	0	0	0	0	0	0	1
CCND3_s_10043	0.598654194	91.8830877937	92.3976188926	58	74.94154389685	3_PromD1	1	1	1	0	0	1	0	0	0	1	1	0	1	1	0	0	1	1	1	1	0	1	1	1	0	0	0	1	0	0	1	1	1
SKIV2L2_s_50882	0.596446773	32.3591018178	32.8876743235	0	12.3591018178	7_Tx3	0	0	0	0	0	0	0	0	0	0	0	0	0	0	0	1	0	0	0	0	0	0	0	0	0	0	0	0	0	0	0	0	1
EXOSC9_s_19025	0.596396808	16.4048301944	16.5807683951	55	35.7024150972	3_PromD1	1	1	0	0	1	0	0	0	1	1	1	0	0	1	0	0	1	0	1	1	0	1	1	1	0	0	1	1	0	1	1	1	1
MAD1L1_s_32318	0.595409474	85.7432133233	86.3970789954	56	70.87160666165	7_Tx3	0	0	0	0	0	0	0	0	0	0	0	0	0	0	0	1	0	0	0	0	0	0	0	0	0	0	0	0	0	0	0	0	1
SF3A2_s_50173	0.594976556	40.325655771	40.9774991642	0	20.325655771	10_TxEnh5	0	0	0	0	0	0	0	0	0	0	0	0	0	0	0	1	0	1	0	0	0	1	1	0	0	0	0	0	1	0	0	0	1
DHX38_s_15934	0.594760754	8.20035034432	8.13353602643	0	-11.79964965568	7_Tx3	0	0	0	0	0	0	0	0	0	0	0	0	0	0	0	1	0	0	0	0	0	0	0	0	0	0	0	0	0	0	0	0	1
YARS_s_62375	0.59175726	79.9498117572	80.6951651405	71	75.4749058786	6_Tx	0	0	0	0	0	0	0	0	0	0	0	0	0	0	0	1	0	0	0	0	0	0	1	0	0	0	0	0	0	0	0	0	1
GTF2B_s_24388	0.586882473	62.6026062343	63.4181635157	0	42.6026062343	7_Tx3	0	0	0	0	0	0	0	0	0	0	0	0	0	0	0	1	0	0	0	0	0	0	0	0	0	0	0	0	0	0	0	0	1
LSM5_s_31958	0.583027804	72.0112794499	72.8178973713	0	52.0112794499	12_TxEnhW	0	0	0	0	0	0	0	0	0	0	0	0	0	0	0	0	0	1	1	1	0	0	1	0	0	0	0	0	0	0	0	0	1
PSMA7_s_44692	0.582001554	26.8783259574	27.336938988	0	6.8783259574	6_Tx	0	0	0	0	0	0	0	0	0	0	0	0	0	0	0	1	0	1	0	0	0	1	1	0	0	0	0	0	1	0	0	0	1
RPL35A_s_48176	0.581657461	84.6639375058	85.3496565654	89	86.8319687529	6_Tx	0	0	0	0	0	0	0	0	0	0	0	0	0	0	0	1	0	1	0	0	0	0	1	0	0	0	0	0	1	0	0	0	1
EIF1AX_s_17723	0.579913026	20.9261227739	21.223957095	0	0.926122773900001	8_TxWk	0	0	0	0	0	0	0	0	0	0	0	0	0	0	0	0	0	0	0	0	0	0	0	0	0	0	0	0	0	0	0	0	1
MCM4_s_33166	0.579484292	14.5175354667	14.6407233159	0	-5.4824645333	5_Tx5	0	0	0	0	0	0	0	0	0	0	0	0	0	0	0	0	0	0	0	0	0	0	0	0	0	0	0	0	0	0	0	0	1
PSMD3_s_44790	0.578715828	59.9373789953	60.7298707246	46	52.96868949765	7_Tx3	0	0	0	0	0	0	0	0	0	0	0	0	0	0	0	1	0	0	0	0	0	0	0	0	0	0	0	0	0	0	0	0	1
RFC4_s_46882	0.574569776	58.2863509881	59.0746982099	0	38.2863509881	7_Tx3	0	0	0	0	0	0	0	0	0	0	0	0	0	0	0	1	0	0	0	0	0	0	0	0	0	0	0	0	0	0	0	0	1
CDC40_s_10627	0.572910077	70.4155941935	71.209252579	0	50.4155941935	8_TxWk	0	0	0	0	0	0	0	0	0	0	0	0	0	0	0	0	0	0	0	0	0	0	0	0	0	0	0	0	0	0	0	0	1
PSMC3_s_44751	0.571782174	50.4767919935	51.2185361764	46	48.23839599675	4_PromD2	0	0	0	0	0	0	0	0	0	0	0	0	0	0	0	1	0	1	1	0	0	1	1	1	0	0	0	1	0	0	0	0	1
TAF9B_s_55303	0.56863946	11.6159308957	11.6573160088	0	-8.3840691043	1_TssA	1	1	0	0	1	0	0	0	1	1	1	0	1	1	0	0	1	0	1	1	0	0	0	1	0	0	0	1	0	0	1	1	1
GTF2IRD1_s_24424	0.565635057	97.0993171936	97.342579377	73	85.0496585968	7_Tx3	0	0	0	0	0	0	0	0	0	0	0	0	0	0	0	1	0	0	0	0	0	0	0	0	0	0	0	0	0	0	0	0	1
RPLP2_s_48221	0.565504413	88.9730398582	89.5701818751	48	68.4865199291	10_TxEnh5	0	0	0	0	0	0	0	0	0	0	0	0	0	1	0	1	0	1	0	1	0	1	1	0	0	0	0	0	1	0	0	0	1
POLR1C_s_43039	0.565399932	4.78561781646	4.67080539049	0	-15.21438218354	6_Tx	0	0	0	0	0	0	0	0	0	0	0	0	0	0	0	1	0	0	0	0	0	0	1	0	0	0	0	0	0	0	0	0	1
TTC37_s_59597	0.562721209	73.6587678809	74.4395640733	82	77.82938394045	7_Tx3	0	0	0	0	0	0	0	0	0	0	0	0	0	0	0	1	0	0	0	0	0	0	0	0	0	0	0	0	0	0	0	0	1
TAF9_s_55298	0.559890518	56.3829806846	57.1540031033	71	63.6914903423	6_Tx	0	0	0	0	0	0	0	0	0	0	0	0	0	0	0	1	0	0	0	0	0	0	1	0	0	0	0	0	0	0	0	0	1
SF3B5_s_50190	0.55924124	50.5339782736	51.2769884566	55	52.7669891368	3_PromD1	1	1	0	0	1	0	0	0	1	1	1	0	1	1	0	0	1	0	1	1	0	1	1	1	0	0	1	1	0	0	1	1	1
DIS3_s_16023	0.558829081	60.2758878529	61.0753171164	0	40.2758878529	6_Tx	0	0	0	0	0	0	0	0	0	0	0	0	0	0	0	1	0	0	0	0	0	0	1	0	0	0	0	0	0	0	0	0	1
POLR2H_s_43080	0.554039204	38.0777298337	38.7018472823	54	46.03886491685	6_Tx	0	0	0	0	0	0	0	0	0	0	0	0	0	0	0	1	0	0	0	0	0	0	1	0	0	0	0	0	0	0	0	0	1
POLE_s_42991	0.5534111	33.6876596727	34.2497441341	0	13.6876596727	5_Tx5	0	0	0	0	0	0	0	0	0	0	0	0	0	0	0	1	0	0	0	0	0	0	1	0	0	0	0	0	0	0	0	0	1
DHX8_s_15946	0.550954197	68.9065548161	69.7170734063	0	48.9065548161	3_PromD1	1	1	0	0	0	0	0	0	0	1	1	0	0	1	0	0	1	0	1	1	0	0	1	1	0	0	0	1	0	0	1	1	1
RBM25_s_46429	0.548645442	87.8371308194	88.4597714435	72	79.9185654097	6_Tx	0	0	0	0	0	0	0	0	0	0	0	0	0	0	0	1	0	0	0	0	0	0	0	0	0	0	0	0	0	0	0	0	1
EIF4G3_s_17886	0.547969187	33.2613619479	33.80890128	0	13.2613619479	7_Tx3	0	0	0	0	0	0	0	0	0	0	0	0	0	0	0	1	0	0	0	0	0	0	0	0	0	0	0	0	0	0	0	0	1
LSM7_s_31967	0.547000686	26.5766139454	27.0272296911	64	45.2883069727	7_Tx3	0	0	0	0	0	0	0	0	0	0	0	0	0	0	0	1	0	0	0	0	0	0	0	0	0	0	0	0	0	0	0	0	1
ATR_s_4568	0.546981963	89.2412733773	89.8362165646	0	69.2412733773	3_PromD1	1	1	1	0	1	0	0	0	1	1	1	1	1	1	0	0	1	0	1	1	0	1	1	1	0	0	1	1	0	1	1	1	1
SNRNP200_s_52798	0.54631406	51.1507125794	51.9040153571	0	31.1507125794	4_PromD2	0	0	0	0	0	0	0	0	0	0	0	0	1	0	0	1	0	1	1	1	0	1	1	1	0	0	0	1	0	0	0	0	1
RQCD1_s_48414	0.543334171	70.84388293	71.6385732376	0	50.84388293	7_Tx3	0	0	0	0	0	0	0	0	0	0	0	0	0	0	0	1	0	0	0	0	0	0	0	0	0	0	0	0	0	0	0	0	1
MCM6_s_33174	0.541901255	0.819043215646	0.747333251885	0	-19.180956784354	7_Tx3	0	0	0	0	0	0	0	0	0	0	0	0	0	0	0	1	0	0	0	0	0	0	0	0	0	0	0	0	0	0	0	0	1
E2F4_s_17241	0.541729093	77.3315945165	78.0957212785	0	57.3315945165	10_TxEnh5	0	0	0	0	0	0	0	0	0	0	0	0	0	1	0	1	0	1	1	1	0	1	1	0	0	0	0	1	1	0	0	0	1
CDC6_s_10668	0.538515951	33.0449316032	33.5879677554	0	13.0449316032	6_Tx	0	0	0	0	0	0	0	0	0	0	0	0	0	0	0	1	0	0	0	0	0	0	1	0	0	0	0	0	0	0	0	0	1
PSMD11_s_44774	0.538465942	45.032702367	45.7339711631	0	25.032702367	6_Tx	0	0	0	0	0	0	0	0	0	0	0	0	0	0	0	1	0	1	0	0	0	0	1	0	0	0	0	0	1	0	0	0	1
PARN_s_40282	0.536729403	84.751910726	85.434518449	0	64.751910726	3_PromD1	0	1	0	0	0	0	0	0	0	1	1	0	1	1	0	0	1	1	1	1	0	0	1	1	0	0	0	1	0	0	1	0	1
AARS_s_69	0.536454684	27.6513915513	28.1201922268	0	7.6513915513	6_Tx	0	0	0	0	0	0	0	0	0	0	0	0	0	0	0	1	0	0	0	0	0	1	1	0	0	0	0	0	0	0	0	0	1
SF3B2_s_50180	0.53473519	23.0147677761	23.3652199423	0	3.0147677761	7_Tx3	0	0	0	0	0	0	0	0	0	0	0	0	0	0	0	1	0	0	0	0	0	1	1	0	0	0	0	0	1	0	0	0	1
ZMAT2_s_63195	0.53364864	26.258789487	26.6981704217	0	6.258789487	6_Tx	0	0	0	0	0	0	0	0	0	0	0	0	0	0	0	1	0	0	0	0	0	1	1	0	0	0	0	0	0	0	0	0	1
POLD1_s_42971	0.532787601	32.9181705257	33.456358679	0	12.9181705257	7_Tx3	0	0	0	0	0	0	0	0	0	0	0	0	0	0	0	1	0	0	0	0	0	0	0	0	0	0	0	0	0	0	0	0	1
RPLP1_s_48216	0.532204546	5.62464489016	5.52246023379	45	25.31232244508	4_PromD2	0	0	0	0	0	0	0	0	0	0	0	0	0	0	0	1	0	1	1	1	0	0	1	1	0	0	0	0	1	0	0	0	1
TAF12_s_55230	0.531768096	78.0196365371	78.7740310931	54	66.00981826855	7_Tx3	0	0	0	0	0	0	0	0	0	0	0	0	0	0	0	1	0	0	0	0	0	0	0	0	0	0	0	0	0	0	0	0	1
PRPF6_s_44335	0.530683816	30.3673527177	30.8745821832	0	10.3673527177	7_Tx3	0	0	0	0	0	0	0	0	0	0	0	0	0	0	0	1	0	0	0	0	0	0	0	0	0	0	0	0	0	0	0	0	1
PRPF4_s_44322	0.529415821	24.5127091069	24.9027197502	0	4.5127091069	6_Tx	0	0	0	0	0	0	0	0	0	0	0	0	0	0	0	1	0	0	0	0	0	0	0	0	0	0	0	0	0	0	0	0	1
CDC25A_s_10599	0.52708997	14.7697302806	14.8968818379	0	-5.2302697194	4_PromD2	0	0	0	0	0	0	0	0	0	0	0	0	0	0	0	0	0	1	1	0	0	0	1	0	0	0	0	0	0	0	0	0	1
RPL30_s_48164	0.52524651	37.8111186204	38.434824976	0	17.8111186204	9_TxReg	0	1	1	0	1	0	0	0	1	1	1	0	1	1	0	0	1	1	1	1	0	1	1	1	0	0	0	1	0	0	1	1	1
SF3A2_s_50171	0.52464736	23.39011035	23.746037645	0	3.39011035	6_Tx	0	0	0	0	0	0	0	0	0	0	0	0	0	0	0	1	0	1	0	0	0	1	1	0	0	0	0	0	1	0	0	0	1
PSMD6_s_44803	0.521552705	32.5603783512	33.0911599522	51	41.7801891756	4_PromD2	0	0	0	0	0	0	0	0	0	0	0	0	0	1	0	0	0	1	1	1	0	1	1	1	0	0	0	1	1	0	0	0	1
IARS_s_26500	0.52115564	26.209530383	26.6479482811	0	6.209530383	7_Tx3	0	0	0	0	0	0	0	0	0	0	0	0	0	0	0	1	0	0	0	0	0	0	0	0	0	0	0	0	0	0	0	0	1
CDKN2B_s_10978	0.520134119	74.0439180308	74.8182236506	67	70.5219590154	3_PromD1	0	1	0	0	0	0	0	0	0	0	1	0	1	1	1	0	0	1	1	1	0	0	1	1	0	0	0	1	0	0	1	0	1
RARS_s_46140	0.519029588	95.8299366305	96.1688151598	86	90.91496831525	3_PromD1	1	1	0	0	1	0	0	0	1	1	1	1	1	1	0	0	1	0	1	1	0	1	1	1	0	0	0	1	0	0	1	1	1
CCDC12_s_9501	0.518769571	98.1089444725	98.2880943898	59	78.55447223625	6_Tx	0	0	0	0	0	0	0	0	0	0	0	0	0	0	0	1	0	0	0	0	0	0	1	0	0	0	0	0	1	0	0	0	1
CNOT10_s_12682	0.516089226	49.5358546178	50.2731674771	0	29.5358546178	7_Tx3	0	0	0	0	0	0	0	0	0	0	0	0	0	0	0	0	0	0	0	0	0	0	0	0	0	0	0	0	0	0	0	0	1
XRN1_s_62331	0.51486234	32.5507551281	33.0822714015	0	12.5507551281	7_Tx3	0	0	0	0	0	0	0	0	0	0	0	0	0	0	0	0	0	0	0	0	0	0	0	0	0	0	0	0	0	0	0	0	1
PARN_s_40279	0.514349317	7.30550120217	7.22317285415	0	-12.69449879783	8_TxWk	0	0	0	0	0	0	0	0	0	0	0	0	0	0	0	0	0	0	0	0	0	0	0	0	0	0	0	0	0	0	0	0	1
KARS_s_28411	0.511867661	5.80630627143	5.70849796661	0	-14.19369372857	7_Tx3	0	0	0	0	0	0	0	0	0	0	0	0	0	0	0	1	0	0	0	0	0	0	0	0	0	0	0	0	0	0	0	0	1
USP39_s_60924	0.511710086	11.5251555109	11.5683207662	0	-8.4748444891	6_Tx	0	0	0	0	0	0	0	0	0	0	0	0	0	0	0	1	0	1	0	0	0	0	1	0	0	0	0	0	0	0	0	0	1
EDC3_s_17398	0.50877625	94.2954565482	94.7144946292	68	81.1477282741	11_TxEnh3	0	0	0	0	0	0	0	0	0	0	0	0	0	0	0	1	0	1	0	0	0	1	0	0	0	0	0	0	0	0	0	0	1
LIG1_s_31018	0.508291498	37.7218549297	38.3436350295	0	17.7218549297	7_Tx3	0	0	0	0	0	0	0	0	0	0	0	0	0	0	0	1	0	0	0	0	0	0	0	0	0	0	0	0	0	0	0	0	1
MARS2_s_32890	0.508209697	76.8850917101	77.6448925217	75	75.94254585505	3_PromD1	1	1	0	0	0	0	0	0	0	1	1	1	1	1	0	0	1	1	1	1	0	1	1	1	0	0	0	1	0	0	1	1	1
SMAD3_s_52463	0.502861726	64.6986990951	65.5244939927	0	44.6986990951	7_Tx3	0	0	0	0	0	0	0	0	0	0	0	0	0	0	0	1	0	0	0	0	0	0	0	0	0	0	0	0	0	0	0	0	1
TARS2_s_55398	0.502224389	88.9139363075	89.5105225078	0	68.9139363075	7_Tx3	0	0	0	0	0	0	0	0	0	0	0	0	0	0	0	1	0	0	0	0	0	0	0	0	0	0	0	0	0	0	0	0	1
CRNKL1_s_13689	0.501573817	91.0424015436	91.5876634231	56	73.5212007718	25_Quies	0	0	0	0	0	0	0	0	0	0	0	0	0	0	0	0	0	0	0	0	0	0	0	0	0	0	0	0	0	0	0	0	1
CDK4_s_10889	0.499718523	80.5353166759	81.2747498586	52	66.26765833795	9_TxReg	0	0	1	1	0	1	0	0	0	1	0	0	1	1	0	1	1	1	1	1	0	1	1	1	0	0	0	1	0	0	0	1	1
ACIN1_s_619	0.498658881	30.8661748868	31.3839729554	0	10.8661748868	9_TxReg	0	0	1	0	0	1	0	0	0	0	1	0	0	1	0	1	1	1	1	0	0	1	1	1	0	0	0	0	1	0	1	1	1
POLR3K_s_43134	0.498262895	70.9875676068	71.7838626349	0	50.9875676068	3_PromD1	1	1	0	0	1	0	0	0	0	1	1	0	1	1	0	0	1	0	1	1	0	0	1	1	0	0	0	1	0	0	1	1	1
BUB1B_s_5999	0.49412035	76.9913527413	77.7491409563	59	67.99567637065	7_Tx3	0	0	0	0	0	0	0	0	0	0	0	0	0	0	0	0	0	0	0	0	0	0	0	0	0	0	0	0	0	0	0	0	1
CDKN2C_s_10983	0.493709871	29.2250281968	29.7266057368	0	9.2250281968	10_TxEnh5	0	1	0	0	0	0	0	0	0	0	0	0	0	0	0	0	0	1	1	0	0	0	1	0	0	0	0	0	0	0	0	0	1
TAF6L_s_55285	0.49276298	18.7287464111	18.9821768097	0	-1.2712535889	7_Tx3	0	0	0	0	0	0	0	0	0	0	0	0	0	0	0	1	0	0	0	0	0	0	0	0	0	0	0	0	0	0	0	0	1
PSMB5_s_44727	0.49268236	86.1706171657	86.8257412429	74	80.08530858285	11_TxEnh3	0	0	0	0	0	0	0	0	0	0	0	0	0	0	0	1	0	0	0	0	0	0	0	0	0	0	0	0	0	0	0	0	1
DDX23_s_15386	0.492453962	47.8318804479	48.5652489123	0	27.8318804479	7_Tx3	0	0	0	0	0	0	0	0	0	0	0	0	0	0	0	1	0	0	0	0	0	0	0	0	0	0	0	0	0	0	0	0	1
CDK1_s_10832	0.492382352	27.2341639908	27.7026132339	0	7.2341639908	5_Tx5	0	0	0	0	0	0	0	0	0	0	0	0	0	0	0	0	0	0	0	0	0	0	1	0	0	0	0	0	0	0	0	0	1
CDKN2A_s_10964	0.490910154	22.0495326837	22.3831996881	0	2.0495326837	23_PromBiv	1	1	0	0	0	0	0	0	0	0	0	0	0	0	1	0	0	1	1	1	0	0	0	0	0	1	0	1	0	0	0	0	1
PSMD4_s_44795	0.490436397	21.4651338826	21.7789245512	0	1.4651338826	7_Tx3	0	0	0	0	0	0	0	0	0	0	0	0	0	0	0	1	0	0	0	0	0	0	0	0	0	0	0	0	0	0	0	0	1
RB1_s_46310	0.488845126	56.0632020851	56.8441840713	0	36.0632020851	8_TxWk	0	0	0	0	0	0	0	0	0	0	0	0	0	0	0	0	0	0	0	0	0	0	0	0	0	0	0	0	0	0	0	0	1
ANAPC11_s_2306	0.48830139	7.45390531412	7.3714982585	0	-12.54609468588	9_TxReg	0	0	0	0	0	0	0	0	0	0	0	0	0	1	0	1	0	1	1	1	0	1	1	0	0	0	0	1	1	0	0	0	1
LSM2_s_31950	0.486172586	68.9768301545	69.7837924044	0	48.9768301545	7_Tx3	0	0	0	0	0	0	0	0	0	0	0	0	0	0	0	1	0	0	0	0	0	0	0	0	0	0	0	0	0	0	0	0	1
PSTK_s_44871	0.48400722	54.5344738143	55.3066476849	0	34.5344738143	8_TxWk	0	0	0	0	0	0	0	0	0	0	0	0	0	0	0	0	0	0	0	0	0	0	0	0	0	0	0	0	0	0	0	0	1
CDK6_s_10908	0.48232137	92.3804720099	92.8783322006	75	83.69023600495	6_Tx	0	0	0	0	0	0	0	0	0	0	0	0	0	0	0	1	0	0	0	0	0	0	1	0	0	0	0	0	0	0	0	0	1
TRA2A_s_58629	0.481330423	28.8428645644	29.3287425005	0	8.8428645644	6_Tx	0	0	0	0	0	0	0	0	0	0	0	0	0	0	0	1	0	0	0	0	0	0	1	0	0	0	0	0	1	0	0	0	1
CDK6_s_10910	0.480676028	94.2509906205	94.6710394922	0	74.2509906205	5_Tx5	0	0	0	0	0	0	0	0	0	0	0	0	0	0	0	0	0	0	0	0	0	0	0	0	0	0	0	0	0	0	0	0	1
PUF60_s_45289	0.476262256	81.5976320234	82.3230135918	63	72.2988160117	6_Tx	0	0	0	0	0	0	0	0	0	0	0	0	0	0	0	1	0	0	0	0	0	0	0	0	0	0	0	0	0	0	0	0	1
CDC45_s_10661	0.473164911	97.3698366891	97.5913124841	50	73.68491834455	3_PromD1	0	1	1	0	0	0	0	0	1	1	1	0	1	1	0	0	1	1	1	1	0	1	1	1	0	0	0	1	0	1	1	1	1
PARS2_s_40336	0.471215453	83.7218940125	84.4336968982	77	80.36094700625	7_Tx3	0	0	0	0	0	0	0	0	0	0	0	0	0	0	0	1	0	0	0	0	0	0	0	0	0	0	0	0	0	0	0	0	1
TAF6_s_55282	0.468646426	49.8273534772	50.570659589	64	56.9136767386	7_Tx3	0	0	0	0	0	0	0	0	0	0	0	0	0	0	0	1	0	0	0	0	0	0	0	0	0	0	0	0	0	0	0	0	1
FARSA_s_20320	0.468513085	97.1535169562	97.3896923537	0	77.1535169562	7_Tx3	0	0	0	0	0	0	0	0	0	0	0	0	0	0	0	1	0	0	0	0	0	0	0	0	0	0	0	0	0	0	0	0	1
RPL8_s_48210	0.468421444	3.73100842161	3.59316920362	0	-16.26899157839	9_TxReg	1	1	1	0	1	0	0	0	1	1	1	1	1	1	0	1	1	1	1	1	1	1	1	1	0	0	1	1	1	1	1	1	1
MCM6_s_33173	0.466903505	52.8472020202	53.6227977061	50	51.4236010101	7_Tx3	0	0	0	0	0	0	0	0	0	0	0	0	0	0	0	1	0	0	0	0	0	0	0	0	0	0	0	0	0	0	0	0	1
RPL31_s_48167	0.463477874	53.81855763	54.5943565384	0	33.81855763	6_Tx	0	0	0	0	0	0	0	0	0	0	0	0	0	0	0	1	0	0	0	0	0	0	1	0	0	0	0	0	0	0	0	0	1
PPIL1_s_43422	0.463434923	15.738984267	15.8941918625	0	-4.261015733	11_TxEnh3	0	0	0	0	0	0	0	0	0	0	0	0	0	0	0	1	0	1	0	0	0	0	0	0	0	0	0	0	0	0	0	0	1
POLD1_s_42969	0.462641094	89.8513709775	90.430798426	62	75.92568548875	7_Tx3	0	0	0	0	0	0	0	0	0	0	0	0	0	0	0	1	0	0	0	0	0	0	0	0	0	0	0	0	0	0	0	0	1
DDX6_s_15483	0.461043649	9.82844484658	9.81467920379	0	-10.17155515342	10_TxEnh5	0	0	0	0	0	0	0	0	0	0	0	0	0	0	0	1	0	1	1	0	0	0	1	0	0	0	0	1	1	0	0	0	1
LSM4_s_31954	0.456759232	44.281869737	44.9746036182	26	35.1409348685	6_Tx	0	0	0	0	0	0	0	0	0	0	0	0	0	1	0	1	0	0	0	0	0	1	1	0	0	0	0	0	0	0	0	0	1
PSMD14_s_44783	0.45418044	7.26575470957	7.18290003782	0	-12.73424529043	5_Tx5	0	0	0	0	0	0	0	0	0	0	0	0	0	0	0	0	0	0	0	0	0	0	1	0	0	0	0	0	0	0	0	0	1
GTF2B_s_24386	0.453594004	87.844394325	88.4663555552	69	78.4221971625	7_Tx3	0	0	0	0	0	0	0	0	0	0	0	0	0	0	0	1	0	0	0	0	0	0	0	0	0	0	0	0	0	0	0	0	1
CCNE1_s_10049	0.453231681	19.6634895282	19.9319349168	0	-0.3365104718	7_Tx3	0	0	0	0	0	0	0	0	0	0	0	0	0	0	0	1	0	0	0	0	0	0	0	0	0	0	0	0	0	0	0	0	1
RNASEH2A_s_47476	0.448997039	20.3241735734	20.6066966268	0	0.3241735734	4_PromD2	0	1	1	0	0	1	0	0	0	0	1	0	0	1	0	0	0	1	1	1	0	1	1	1	0	0	0	1	0	0	1	1	1
PPIE_s_43407	0.448298157	98.0642941919	98.2453708208	0	78.0642941919	7_Tx3	0	0	0	0	0	0	0	0	0	0	0	0	0	0	0	1	0	0	0	0	0	0	0	0	0	0	0	0	0	0	0	0	1
YARS_s_62378	0.447785575	87.4751722686	88.1053633442	83	85.2375861343	6_Tx	0	0	0	0	0	0	0	0	0	0	0	0	0	0	0	1	0	0	0	0	0	0	1	0	0	0	0	0	0	0	0	0	1
TCERG1_s_55789	0.443144258	50.456845006	51.1983083222	57	53.728422503	6_Tx	0	0	0	0	0	0	0	0	0	0	0	0	0	0	0	1	0	0	0	0	0	0	1	0	0	0	0	0	1	0	0	0	1
EEF2_s_17470	0.439689659	96.8910721192	97.1531398531	0	76.8910721192	9_TxReg	1	0	0	0	0	0	0	0	0	0	0	0	1	1	0	1	1	1	1	1	0	1	1	1	0	0	0	1	1	0	0	0	1
HNRNPC_s_25727	0.43733767	53.8704345457	54.6429326511	44	48.93521727285	6_Tx	0	0	0	0	0	0	0	0	0	0	0	0	0	0	0	1	0	0	0	0	0	0	1	0	0	0	0	0	1	0	0	0	1
PSMF1_s_44829	0.435944114	84.4160565506	85.1084220299	0	64.4160565506	7_Tx3	0	0	0	0	0	0	0	0	0	0	0	0	0	0	0	1	0	0	0	0	0	0	0	0	0	0	0	0	0	0	0	0	1
AQR_s_3153	0.434249883	52.8446579497	53.6201640614	0	32.8446579497	8_TxWk	0	0	0	0	0	0	0	0	0	0	0	0	0	0	0	0	0	0	0	0	0	0	0	0	0	0	0	0	0	0	0	0	1
ANAPC10_s_2301	0.433079917	46.2549254495	46.9775269638	0	26.2549254495	5_Tx5	0	0	0	0	0	0	0	0	0	0	0	0	0	0	0	0	0	0	0	0	0	0	1	0	0	0	0	0	0	0	0	0	1
PSMA2_s_44674	0.431030503	6.01414576934	5.91604379751	0	-13.98585423066	6_Tx	0	0	0	0	0	0	0	0	0	0	0	0	0	0	0	1	0	0	0	0	0	0	1	0	0	0	0	0	0	0	0	0	1
RPL13_s_48119	0.430126784	40.470040989	41.1230080319	0	20.470040989	9_TxReg	1	0	1	0	1	1	0	0	1	1	1	1	1	1	0	1	1	0	1	1	0	1	1	1	0	0	1	1	1	1	1	1	1
POLR1B_s_43033	0.430118884	42.9136391306	43.5949761765	0	22.9136391306	7_Tx3	0	0	0	0	0	0	0	0	0	0	0	0	0	0	0	1	0	0	0	0	0	0	0	0	0	0	0	0	0	0	0	0	1
RB1_s_46308	0.429479081	45.1555182917	45.8573866783	43	44.07775914585	8_TxWk	0	0	0	0	0	0	0	0	0	0	0	0	0	0	0	0	0	0	0	0	0	0	0	0	0	0	0	0	0	0	0	0	1
DCP2_s_15209	0.42788055	72.7528944332	73.555756818	0	52.7528944332	3_PromD1	1	1	0	0	1	0	0	0	1	1	1	1	1	1	0	0	1	0	1	1	1	1	1	1	0	0	1	1	0	1	1	1	1
RPS3A_s_48317	0.42781119	18.9000471575	19.1546439568	0	-1.0999528425	9_TxReg	0	0	0	0	0	0	0	0	0	0	0	0	1	1	0	1	0	1	1	1	0	0	1	1	0	0	0	0	1	0	0	0	1
PSME3_s_44824	0.427619276	77.924436682	78.6759644078	63	70.462218341	4_PromD2	0	0	0	0	0	0	0	0	0	0	0	0	0	0	0	1	0	1	1	0	0	1	1	0	0	0	0	0	0	0	0	0	1
RPA2_s_48050	0.42699016	47.777791297	48.5081134545	0	27.777791297	7_Tx3	0	0	0	0	0	0	0	0	0	0	0	0	0	0	0	1	0	0	0	0	0	0	0	0	0	0	0	0	0	0	0	0	1
RPL10A_s_48108	0.426048517	24.2938453036	24.6774699746	0	4.2938453036	9_TxReg	1	1	1	0	1	0	0	0	1	1	1	0	0	1	0	1	1	0	1	1	0	1	1	1	0	0	1	1	1	0	1	1	1
CDC20_s_10590	0.422959062	9.75429809648	9.73552355027	0	-10.24570190352	9_TxReg	0	0	0	0	0	0	0	0	0	0	0	0	0	1	0	1	0	1	1	1	0	0	1	1	0	0	0	0	1	0	0	0	1
CNOT8_s_12704	0.422515126	37.9261548513	38.5488764213	60	48.96307742565	6_Tx	0	0	0	0	0	0	0	0	0	0	0	0	0	0	0	1	0	0	0	0	0	0	1	0	0	0	0	0	0	0	0	0	1
ZBTB17_s_62583	-0.382577737	49.2021389365	49.937341204	0	29.2021389365	6_Tx	0	0	0	0	0	0	0	0	0	0	0	0	0	0	0	1	0	0	0	0	0	0	0	0	0	0	0	0	0	0	0	0	0
TGFB3_s_56346	-0.382648574	10.2674997944	10.2664955773	0	-9.7325002056	8_TxWk	0	0	0	0	0	0	0	0	0	0	0	0	0	0	0	0	0	0	0	0	0	0	0	0	0	0	0	0	0	0	0	0	0
PLK1_s_42595	-0.38493043	27.4945440749	27.9670018955	0	7.4945440749	4_PromD2	0	0	0	0	0	0	0	0	0	0	0	0	1	1	0	1	1	1	1	1	0	1	1	1	0	0	0	1	1	0	1	0	0
ORC1_s_39580	-0.387234641	37.6911048603	38.3114826176	0	17.6911048603	7_Tx3	0	0	0	0	0	0	0	0	0	0	0	0	0	0	0	1	0	0	0	0	0	0	0	0	0	0	0	0	0	0	0	0	0
MCM2_s_33161	-0.387274491	11.6358778831	11.6791898909	0	-8.3641221169	7_Tx3	0	0	0	0	0	0	0	0	0	0	0	0	0	0	0	1	0	0	0	0	0	0	0	0	0	0	0	0	0	0	0	0	0
TRA2B_s_58635	-0.390224367	13.4723649421	13.5661231361	0	-6.5276350579	12_TxEnhW	0	0	0	0	0	0	0	0	0	0	0	0	0	0	0	1	0	1	1	0	0	0	1	0	0	0	0	0	1	0	0	0	0
PSME1_s_44817	-0.396189002	6.07317557884	5.97387424493	0	-13.92682442116	4_PromD2	0	0	0	0	0	0	0	0	0	0	0	0	1	1	0	0	0	1	1	1	0	0	1	1	0	0	0	1	0	0	0	0	0
PPIH_s_43418	-0.397981299	4.9326577167	4.82019156839	0	-15.0673422833	3_PromD1	1	1	0	0	0	0	0	0	0	1	1	0	1	1	0	0	1	1	1	1	0	1	1	1	0	0	0	1	0	0	1	1	0
DCPS_s_15213	-0.400695436	42.5182020869	43.1979908217	0	22.5182020869	11_TxEnh3	0	0	0	0	0	0	0	0	0	0	0	0	0	0	0	1	0	1	0	0	0	0	1	0	0	0	0	0	0	0	0	0	0
EIF5_s_17892	-0.402359776	25.4209422721	25.8451621776	51	38.21047113605	6_Tx	0	0	0	0	0	0	0	0	0	0	0	0	0	0	0	1	0	0	0	0	0	0	1	0	0	0	0	0	1	0	0	0	0
RFC2_s_46877	-0.405035872	26.1768261725	26.617807681	0	6.1768261725	7_Tx3	0	0	0	0	0	0	0	0	0	0	0	0	0	0	0	1	0	0	0	0	0	1	0	0	0	0	0	0	0	0	0	0	0
RPL29_s_48159	-0.40582397	81.2351572844	81.9660084262	0	61.2351572844	4_PromD2	0	0	0	0	0	0	0	0	0	0	0	0	0	1	0	1	0	1	1	1	0	1	1	1	0	0	0	0	0	0	0	0	0
CDKN2A_s_10960	-0.410221402	23.223860874	23.5761675642	0	3.223860874	3_PromD1	1	1	0	0	1	1	0	0	1	1	1	1	1	1	1	0	1	1	1	1	0	1	1	1	0	0	0	1	0	0	1	1	0
PSMB5_s_44729	-0.410582703	20.8373015302	21.131157699	0	0.837301530200001	7_Tx3	0	0	0	0	0	0	0	0	0	0	0	0	0	0	0	1	0	0	0	0	0	0	0	0	0	0	0	0	0	0	0	0	0
GTF2IRD1_s_24422	-0.410978126	30.6703552002	31.1863764488	0	10.6703552002	7_Tx3	0	0	0	0	0	0	0	0	0	0	0	0	0	0	0	1	0	0	0	0	0	0	0	0	0	0	0	0	0	0	0	0	0
NHP2L1_s_36998	-0.411362559	47.2025364014	47.9371978167	0	27.2025364014	6_Tx	0	0	0	0	0	0	0	0	0	0	0	0	0	0	0	1	0	1	0	0	0	1	1	0	0	0	0	0	0	0	0	0	0
EDC3_s_17400	-0.41155827	56.7656973758	57.5355157956	31	43.8828486879	7_Tx3	0	0	0	0	0	0	0	0	0	0	0	0	0	0	0	1	0	0	0	0	0	0	0	0	0	0	0	0	0	0	0	0	0
ANAPC10_s_2300	-0.412754014	43.8261124133	44.5119966172	12	27.91305620665	5_Tx5	0	0	0	0	0	0	0	0	0	0	0	0	0	0	0	0	0	0	0	0	0	0	1	0	0	0	0	0	0	0	0	0	0
GTF2IRD1_s_24421	-0.416117558	40.4969565174	41.1494176353	0	20.4969565174	7_Tx3	0	0	0	0	0	0	0	0	0	0	0	0	0	0	0	1	0	0	0	0	0	0	0	0	0	0	0	0	0	0	0	0	0
RPS3_s_48313	-0.417038216	52.6665730154	53.4414785866	0	32.6665730154	4_PromD2	0	0	0	0	0	0	0	0	0	0	0	0	0	0	0	1	0	1	1	1	0	0	1	0	0	0	0	0	1	0	0	0	0
SRSF7_s_53967	-0.41757656	56.3308456748	57.0994647117	0	36.3308456748	6_Tx	0	0	0	0	0	0	0	0	0	0	0	0	0	0	0	1	0	0	0	0	0	0	1	0	0	0	0	0	1	0	0	0	0
CNOT6_s_12694	-0.42065437	24.0999428875	24.4766179906	0	4.0999428875	7_Tx3	0	0	0	0	0	0	0	0	0	0	0	0	0	0	0	1	0	0	0	0	0	0	0	0	0	0	0	0	0	0	0	0	0
CNOT1_s_12679	-0.421064975	18.9049509455	19.1606062357	0	-1.0950490545	6_Tx	0	0	0	0	0	0	0	0	0	0	0	0	0	0	0	1	0	0	0	0	0	0	1	0	0	0	0	0	1	0	0	0	0
CCND3_s_10041	-0.421086184	24.2355529058	24.6153232762	0	4.2355529058	12_TxEnhW	0	0	0	0	0	0	0	0	0	0	0	0	0	0	0	1	0	1	0	0	0	0	1	0	0	0	0	0	1	0	0	0	0
MAD1L1_s_32316	-0.42597489	14.6525555557	14.7794286015	21	17.82627777785	7_Tx3	0	0	0	0	0	0	0	0	0	0	0	0	0	0	0	1	0	0	0	0	0	0	0	0	0	0	0	0	0	0	0	0	0
GSK3B_s_24286	-0.427762732	9.6034605258	9.58138218061	0	-10.3965394742	5_Tx5	0	0	0	0	0	0	0	0	0	0	0	0	0	0	0	0	0	0	0	0	0	0	1	0	0	0	0	0	0	0	0	0	0
RPS3A_s_48318	-0.42781119	21.0109619942	21.3110136825	55	38.0054809971	4_PromD2	0	0	0	0	0	0	0	0	0	0	0	0	0	0	0	0	0	1	1	1	0	0	1	1	0	0	0	0	1	0	0	0	0
RPL13_s_48118	-0.430126784	22.9338368381	23.2842719472	0	2.9338368381	3_PromD1	1	1	1	0	1	0	0	0	1	1	1	1	1	1	0	1	1	0	1	1	0	1	1	1	0	0	1	1	1	1	1	1	0
PSMA2_s_44673	-0.431030503	14.0153580742	14.130162035	0	-5.9846419258	6_Tx	0	0	0	0	0	0	0	0	0	0	0	0	0	0	0	1	0	0	0	0	0	0	1	0	0	0	0	0	0	0	0	0	0
AQR_s_3155	-0.434249883	5.87683970402	5.77997215652	0	-14.12316029598	6_Tx	0	0	0	0	0	0	0	0	0	0	0	0	0	0	0	1	0	0	0	0	0	0	1	0	0	0	0	0	0	0	0	0	0
DDX5_s_15447	-0.434576046	23.11240109	23.4613845509	0	3.11240109	9_TxReg	0	0	0	0	0	0	0	0	0	0	0	0	1	1	0	1	0	1	1	1	0	0	1	1	0	0	0	0	1	0	0	0	0
ACIN1_s_622	-0.434964475	64.9210287336	65.7425744023	0	44.9210287336	6_Tx	0	0	0	0	0	0	0	0	0	0	0	0	0	0	0	1	0	0	0	0	0	0	1	0	0	0	0	0	0	0	0	0	0
VARS2_s_61117	-0.435288295	14.8706819473	15.0047515339	0	-5.1293180527	3_PromD1	0	1	0	0	0	0	0	0	0	0	0	0	1	1	0	0	0	1	1	1	0	0	0	1	0	0	0	1	0	0	1	0	0
AARS_s_71	-0.436256339	10.122266553	10.1231448351	0	-9.877733447	6_Tx	0	0	0	0	0	0	0	0	0	0	0	0	0	0	0	1	0	0	0	0	0	0	1	0	0	0	0	0	1	0	0	0	0
HNRNPC_s_25728	-0.43733767	43.7713227212	44.4583726856	0	23.7713227212	6_Tx	0	0	0	0	0	0	0	0	0	0	0	0	0	0	0	1	0	0	0	0	0	0	1	0	0	0	0	0	1	0	0	0	0
CDKN1B_s_10949	-0.437518396	56.1698318222	56.9436407358	0	36.1698318222	9_TxReg	1	0	1	0	1	0	0	0	1	1	1	1	1	1	0	1	1	0	1	1	1	1	1	1	0	0	1	1	1	1	1	1	0
XRN1_s_62332	-0.437555692	75.1652263172	75.938546828	0	55.1652263172	8_TxWk	0	0	0	0	0	0	0	0	0	0	0	0	0	0	0	0	0	0	0	0	0	0	0	0	0	0	0	0	0	0	0	0	0
RPS5_s_48327	-0.440572486	91.9806104958	92.4908938078	85	88.4903052479	9_TxReg	0	0	0	0	0	0	0	0	0	0	0	0	1	1	0	1	1	1	1	1	0	1	1	1	0	0	0	1	1	0	0	1	0
CDC25A_s_10603	-0.443643965	34.2641681682	34.8424239188	50	42.1320840841	4_PromD2	0	0	0	0	0	0	0	0	0	0	0	0	0	0	0	0	0	1	1	0	0	0	1	0	0	0	0	0	0	0	0	0	0
PSMB9_s_44743	-0.443681632	64.1323668815	64.9490060552	0	44.1323668815	7_Tx3	0	0	0	0	0	0	0	0	0	0	0	0	0	0	0	1	0	0	0	0	0	0	0	0	0	0	0	0	0	0	0	0	0
EXOSC7_s_19020	-0.44491946	67.3615297459	68.1709045179	37	52.18076487295	7_Tx3	0	0	0	0	0	0	0	0	0	0	0	0	0	0	0	1	0	0	0	0	0	0	0	0	0	0	0	0	0	0	0	0	0
PSMA5_s_44683	-0.446295928	39.8322904488	40.473339103	50	44.9161452244	11_TxEnh3	0	0	0	0	0	0	0	0	0	0	0	0	0	0	0	1	0	1	0	0	0	0	0	0	0	0	0	0	0	0	0	0	0
CHEK1_s_11630	-0.447943719	50.6896827618	51.43606791	48	49.3448413809	5_Tx5	0	0	0	0	0	0	0	0	0	0	0	0	0	0	0	0	0	0	0	0	0	0	0	0	0	0	0	0	0	0	0	0	0
ACIN1_s_617	-0.447950779	58.2327411548	59.0209645431	0	38.2327411548	6_Tx	0	0	0	0	0	0	0	0	0	0	0	0	0	0	0	1	0	0	0	0	0	0	1	0	0	0	0	0	0	0	0	0	0
MCM7_s_33185	-0.457922925	33.1598572223	33.7041407478	0	13.1598572223	9_TxReg	0	0	0	0	0	0	0	0	0	0	0	0	1	1	0	1	1	1	1	1	0	1	1	1	0	0	0	1	0	0	1	0	0
CRNKL1_s_13688	-0.462778661	49.0323130136	49.7682392695	0	29.0323130136	25_Quies	0	0	0	0	0	0	0	0	0	0	0	0	0	0	0	0	0	0	0	0	0	0	0	0	0	0	0	0	0	0	0	0	0
PPIL1_s_43421	-0.463434923	1.23332112917	1.13564952627	0	-18.76667887083	5_Tx5	0	0	0	0	0	0	0	0	0	0	0	0	0	0	0	0	0	0	0	0	0	0	1	0	0	0	0	0	0	0	0	0	0
RPL31_s_48165	-0.463477874	3.74085286829	3.60311852791	0	-16.25914713171	4_PromD2	0	0	0	0	0	0	0	0	0	0	0	0	0	0	0	1	0	1	1	1	0	0	1	0	0	0	0	0	1	0	0	0	0
TAF9B_s_55305	-0.463810978	12.9460373152	13.0346755898	0	-7.0539626848	1_TssA	1	1	0	0	1	0	0	0	1	1	1	0	1	1	0	0	1	0	1	1	0	1	1	1	0	0	0	1	0	1	1	1	0
RARS_s_46142	-0.464687481	42.4461200897	43.1211396073	62	52.22306004485	6_Tx	0	0	0	0	0	0	0	0	0	0	0	0	0	0	0	1	0	0	0	0	0	0	1	0	0	0	0	0	0	0	0	0	0
TARS_s_55393	-0.466575217	66.3821732188	67.1739236989	0	46.3821732188	6_Tx	0	0	0	0	0	0	0	0	0	0	0	0	0	0	0	1	0	0	0	0	0	0	1	0	0	0	0	0	1	0	0	0	0
FARSA_s_20319	-0.466707529	82.090702381	82.8205163846	47	64.5453511905	7_Tx3	0	0	0	0	0	0	0	0	0	0	0	0	0	0	0	1	0	0	0	0	0	0	0	0	0	0	0	0	0	0	0	0	0
RPL8_s_48209	-0.468421444	95.9000644867	96.2296084575	71	83.45003224335	9_TxReg	1	0	0	0	0	0	0	0	0	1	1	0	1	1	0	1	1	1	1	1	0	1	1	1	0	0	0	1	1	1	1	1	0
VARS_s_61114	-0.469626427	35.6547054796	36.2430839394	0	15.6547054796	12_TxEnhW	0	0	0	0	0	0	0	0	0	0	0	0	0	0	0	1	0	1	1	0	0	0	1	0	0	0	0	0	0	0	0	0	0
POLR3GL_s_43127	-0.470096336	28.7962601426	29.2814466318	0	8.7962601426	11_TxEnh3	0	0	0	0	0	0	0	0	0	0	0	0	0	0	0	1	0	1	0	0	0	0	0	0	0	0	0	0	0	0	0	0	0
RPLP2_s_48219	-0.470470363	54.7945589338	55.5653666948	49	51.8972794669	9_TxReg	0	0	0	0	0	0	0	0	0	0	0	0	0	1	0	1	0	1	1	1	0	1	1	1	0	0	0	1	1	0	0	0	0
PSMD14_s_44785	-0.471359713	9.70352729843	9.6865084968	0	-10.29647270157	5_Tx5	0	0	0	0	0	0	0	0	0	0	0	0	0	0	0	0	0	0	0	0	0	0	1	0	0	0	0	0	0	0	0	0	0
CNOT8_s_12706	-0.47668302	14.8605056654	14.9939609065	0	-5.1394943346	6_Tx	0	0	0	0	0	0	0	0	0	0	0	0	0	0	0	1	0	0	0	0	0	0	1	0	0	0	0	0	0	0	0	0	0
HDAC2_s_24896	-0.476836177	41.7803847741	42.4444392422	62	51.89019238705	8_TxWk	0	0	0	0	0	0	0	0	0	0	0	0	0	0	0	0	0	0	0	0	0	0	0	0	0	0	0	0	0	0	0	0	0
RBX1_s_46567	-0.478624374	48.5881699247	49.3166789448	56	52.29408496235	6_Tx	0	0	0	0	0	0	0	0	0	0	0	0	0	0	0	1	0	0	0	0	0	0	1	0	0	0	0	0	0	0	0	0	0
NCBP2_s_36230	-0.478958918	75.289553936	76.0608284129	0	55.289553936	6_Tx	0	0	0	0	0	0	0	0	0	0	0	0	0	0	0	1	0	0	0	0	0	0	1	0	0	0	0	0	0	0	0	0	0
RNASEH2C_s_47482	-0.480461968	47.2402181411	47.9741785772	0	27.2402181411	3_PromD1	1	1	0	0	0	0	0	0	0	1	1	1	1	1	0	1	1	1	1	1	0	1	1	1	0	0	0	1	1	0	1	1	0
TRA2A_s_58628	-0.481330423	19.4537327598	19.7123913713	0	-0.546267240199999	6_Tx	0	0	0	0	0	0	0	0	0	0	0	0	0	0	0	1	0	0	0	0	0	0	1	0	0	0	0	0	0	0	0	0	0
CDC23_s_10595	-0.48235116	65.9872892339	66.7808522328	77	71.49364461695	1_TssA	1	1	0	0	0	0	0	0	0	0	0	0	0	1	0	0	0	0	1	1	0	0	1	1	0	0	0	0	0	0	0	0	0
PRPF6_s_44334	-0.485616801	6.09935369548	5.99819887968	0	-13.90064630452	7_Tx3	0	0	0	0	0	0	0	0	0	0	0	0	0	0	0	1	0	0	0	0	0	0	0	0	0	0	0	0	0	0	0	0	0
LSM2_s_31949	-0.486172586	65.8781891675	66.6741896239	49	57.43909458375	4_PromD2	0	0	0	0	0	0	0	0	0	0	0	0	0	1	0	0	0	1	1	1	0	0	1	1	0	0	0	0	0	0	0	0	0
RFC5_s_46889	-0.487230334	12.0984562654	12.1545627528	0	-7.9015437346	7_Tx3	0	0	0	0	0	0	0	0	0	0	0	0	0	0	0	1	0	0	0	0	0	0	0	0	0	0	0	0	0	0	0	0	0
SF3A3_s_50177	-0.48967949	6.89568462965	6.80533781248	0	-13.10431537035	7_Tx3	0	0	0	0	0	0	0	0	0	0	0	0	0	0	0	1	0	0	0	0	0	0	0	0	0	0	0	0	0	0	0	0	0
HNRNPM_s_25756	-0.49143572	0.655853998375	0.593484509414	0	-19.344146001625	6_Tx	0	0	0	0	0	0	0	0	0	0	0	0	0	0	0	1	0	0	0	0	0	1	1	0	0	0	0	0	1	0	0	0	0
CDK1_s_10831	-0.492382352	63.4271062968	64.2520046791	0	43.4271062968	5_Tx5	0	0	0	0	0	0	0	0	0	0	0	0	0	0	0	0	0	0	0	0	0	0	1	0	0	0	0	0	0	0	0	0	0
RPL28_s_48154	-0.492550448	17.3939942976	17.5960018348	34	25.6969971488	9_TxReg	1	0	0	0	1	0	0	0	1	1	1	1	1	1	0	1	1	1	1	1	0	1	1	1	0	0	0	1	1	1	1	1	0
SNRPB_s_52829	-0.494596094	42.5430897331	43.2198647038	0	22.5430897331	6_Tx	0	0	0	0	0	0	0	0	0	0	0	0	0	0	0	1	0	0	0	0	0	0	1	0	0	0	0	0	1	0	0	0	0
SRSF4_s_53960	-0.494619313	70.2053212368	71.007120351	55	62.6026606184	6_Tx	0	0	0	0	0	0	0	0	0	0	0	0	0	0	0	1	0	0	0	0	0	0	1	0	0	0	0	0	1	0	0	0	0
ANAPC2_s_2320	-0.49469665	27.9326772581	28.4045526937	0	7.9326772581	9_TxReg	0	0	0	1	0	0	0	0	0	0	1	0	1	1	0	1	1	1	1	1	0	1	1	1	0	0	0	1	1	0	1	0	0
ACIN1_s_618	-0.496953727	58.7043159603	59.4912164293	0	38.7043159603	7_Tx3	0	0	0	0	0	0	0	0	0	0	0	0	0	0	0	1	0	0	0	0	0	0	0	0	0	0	0	0	0	0	0	0	0
EIF2S1_s_17794	-0.497204843	6.03792729784	5.9395637075	0	-13.96207270216	8_TxWk	0	0	0	0	0	0	0	0	0	0	0	0	0	0	0	0	0	0	0	0	0	0	0	0	0	0	0	0	0	0	0	0	0
TAF6_s_55280	-0.497606237	40.6306492652	41.2846479732	0	20.6306492652	2_PromU	1	1	0	0	0	0	0	0	1	1	1	0	1	1	0	0	1	1	1	1	0	0	0	1	0	0	1	1	0	1	1	1	0
KARS_s_28412	-0.497682162	45.8192257251	46.5295879005	44	44.90961286255	7_Tx3	0	0	0	0	0	0	0	0	0	0	0	0	0	0	0	1	0	0	0	0	0	0	0	0	0	0	0	0	0	0	0	0	0
PSMB5_s_44725	-0.49883505	37.7081022008	38.329808395	0	17.7081022008	4_PromD2	0	0	0	0	0	0	0	0	0	0	0	0	0	0	0	1	0	1	1	1	0	1	1	0	0	0	0	0	0	0	0	0	0
TBPL1_s_55660	-0.499711958	18.1350193515	18.3552596444	0	-1.8649806485	8_TxWk	0	0	0	0	0	0	0	0	0	0	0	0	0	0	0	0	0	0	0	0	0	0	0	0	0	0	0	0	0	0	0	0	0
DDX6_s_15482	-0.503113168	1.39547797001	1.28953484714	0	-18.60452202999	6_Tx	0	0	0	0	0	0	0	0	0	0	0	0	0	0	0	1	0	0	0	0	0	0	1	0	0	0	0	0	0	0	0	0	0
HSPA9_s_26291	-0.503228394	1.15924812025	1.06552873709	0	-18.84075187975	4_PromD2	0	0	0	0	0	0	0	0	0	0	0	0	0	0	0	1	0	1	1	0	0	0	1	0	0	0	0	0	0	0	0	0	0
EIF3A_s_17800	-0.503588709	38.1978910762	38.8266161982	0	18.1978910762	6_Tx	0	0	0	0	0	0	0	0	0	0	0	0	0	0	0	0	0	0	0	0	0	0	1	0	0	0	0	0	1	0	0	0	0
USP39_s_60923	-0.511710086	24.1523359913	24.5292908839	0	4.1523359913	6_Tx	0	0	0	0	0	0	0	0	0	0	0	0	0	0	0	1	0	0	0	0	0	0	1	0	0	0	0	0	0	0	0	0	0
XAB2_s_62209	-0.513329242	68.9585792141	69.7658324109	69	68.97928960705	7_Tx3	0	0	0	0	0	0	0	0	0	0	0	0	0	0	0	1	0	0	0	0	0	0	0	0	0	0	0	1	0	0	0	0	0
TAF5_s_55274	-0.513903668	34.1404304788	34.7101564312	0	14.1404304788	3_PromD1	1	1	0	0	0	0	0	0	0	1	1	0	0	1	1	0	1	0	1	1	0	1	1	1	0	0	1	1	0	0	1	1	0
CNOT10_s_12681	-0.516089226	50.452383665	51.1932605033	0	30.452383665	8_TxWk	0	0	0	0	0	0	0	0	0	0	0	0	0	0	0	0	0	0	0	0	0	0	0	0	0	0	0	0	0	0	0	0	0
RNASEH2C_s_47480	-0.516272593	0.23313272047	0.202022492789	0	-19.76686727953	3_PromD1	1	1	0	0	1	0	0	0	1	1	1	0	1	1	0	0	1	0	1	1	0	1	1	1	0	0	0	1	0	0	1	1	0
SF3B3_s_50185	-0.516712453	37.5568590537	38.1757767606	0	17.5568590537	6_Tx	0	0	0	0	0	0	0	0	0	0	0	0	0	0	0	1	0	1	0	0	0	0	1	0	0	0	0	0	1	0	0	0	0
POLD4_s_42983	-0.518766534	71.8661568202	72.6751684618	0	51.8661568202	3_PromD1	1	1	1	0	1	1	0	0	1	1	1	1	1	1	0	0	1	1	1	1	0	1	1	1	0	0	1	1	0	0	1	1	0
CCNE1_s_10051	-0.522707277	16.0428716435	16.20708348	0	-3.9571283565	7_Tx3	0	0	0	0	0	0	0	0	0	0	0	0	0	0	0	1	0	0	0	0	0	0	0	0	0	0	0	0	0	0	0	0	0
RPL30_s_48162	-0.52524651	70.2389103414	71.0372243726	0	50.2389103414	3_PromD1	1	1	0	0	1	0	0	0	1	1	1	0	1	1	0	0	1	0	1	1	1	1	1	1	0	0	1	1	0	1	1	1	0
EXOSC9_s_19026	-0.528621435	9.03576410051	8.99726174112	0	-10.96423589949	6_Tx	0	0	0	0	0	0	0	0	0	0	0	0	0	0	0	1	0	0	0	0	0	0	1	0	0	0	0	0	0	0	0	0	0
IARS_s_26498	-0.529083774	12.9089455049	12.9962316934	0	-7.0910544951	7_Tx3	0	0	0	0	0	0	0	0	0	0	0	0	0	0	0	1	0	0	0	0	0	0	0	0	0	0	0	0	0	0	0	0	0
RQCD1_s_48411	-0.530314676	17.855134727	18.0605840692	0	-2.144865273	7_Tx3	0	0	0	0	0	0	0	0	0	0	0	0	0	0	0	1	0	0	0	0	0	0	0	0	0	0	0	0	0	0	0	0	0
RPLP1_s_48217	-0.532204546	64.7392936112	65.5623160564	0	44.7392936112	9_TxReg	0	0	0	0	0	0	0	0	0	1	1	0	1	1	0	1	1	0	1	1	0	0	1	1	0	0	0	1	1	0	1	1	0
POLD2_s_42974	-0.532346102	54.6085099527	55.3824747042	0	34.6085099527	7_Tx3	0	0	0	0	0	0	0	0	0	0	0	0	0	0	0	1	0	0	0	0	0	0	0	0	0	0	0	0	0	0	0	0	0
SF3B2_s_50181	-0.53473519	88.4863481122	89.0959795219	0	68.4863481122	7_Tx3	0	0	0	0	0	0	0	0	0	0	0	0	0	0	0	1	0	0	0	0	0	1	1	0	0	0	0	0	1	0	0	0	0
CDC6_s_10670	-0.538515951	38.3300721299	38.959176313	0	18.3300721299	6_Tx	0	0	0	0	0	0	0	0	0	0	0	0	0	0	0	1	0	0	0	0	0	0	1	0	0	0	0	0	0	0	0	0	0
E2F5_s_17244	-0.539186166	80.6790013528	81.4165277297	60	70.3395006764	25_Quies	0	0	0	0	0	0	0	0	0	0	0	0	0	0	0	0	0	0	0	0	0	0	0	0	0	0	0	0	0	0	0	0	0
PSMD11_s_44776	-0.542929602	60.2498203481	61.0470420147	0	40.2498203481	7_Tx3	0	0	0	0	0	0	0	0	0	0	0	0	0	0	0	1	0	0	0	0	0	0	1	0	0	0	0	0	0	0	0	0	0
ATR_s_4569	-0.546981963	33.397525025	33.9461800081	0	13.397525025	3_PromD1	1	1	0	0	1	0	0	0	1	1	1	1	1	1	0	0	1	0	1	1	0	1	1	1	0	0	1	1	0	1	1	1	0
LSM7_s_31969	-0.547000686	66.6493006203	67.4463596081	0	46.6493006203	7_Tx3	0	0	0	0	0	0	0	0	0	0	0	0	0	0	0	1	0	0	0	0	0	0	0	0	0	0	0	0	0	0	0	0	0
RBM25_s_46430	-0.548645442	8.74824726448	8.69801386614	0	-11.25175273552	6_Tx	0	0	0	0	0	0	0	0	0	0	0	0	0	0	0	1	0	0	0	0	0	0	1	0	0	0	0	0	0	0	0	0	0
POLE_s_42989	-0.5534111	5.2924409029	5.18992601653	0	-14.7075590971	5_Tx5	0	0	0	0	0	0	0	0	0	0	0	0	0	0	0	1	0	0	0	0	0	0	1	0	0	0	0	0	0	0	0	0	0
E2F2_s_17233	-0.553446175	97.5763857165	97.7875921684	0	77.5763857165	7_Tx3	0	0	0	0	0	0	0	0	0	0	0	0	0	0	0	1	0	0	0	0	0	0	0	0	0	0	0	0	0	0	0	0	0
TGFB3_s_56348	-0.555026543	33.8090376445	34.3736351685	30	31.90451882225	11_TxEnh3	0	0	0	0	0	0	0	0	0	0	0	0	0	0	0	1	0	1	0	0	0	0	0	0	0	0	0	0	0	0	0	0	0
FARS2_s_20315	-0.55520026	40.5784036437	41.2315727175	0	20.5784036437	25_Quies	0	0	0	0	0	0	0	0	0	0	0	0	0	0	0	0	0	0	0	0	0	0	0	0	0	0	0	0	0	0	0	0	0
PSMB2_s_44711	-0.558519255	63.1684960008	63.989774143	0	43.1684960008	6_Tx	0	0	0	0	0	0	0	0	0	0	0	0	0	0	0	1	0	0	0	0	0	1	1	0	0	0	0	0	0	0	0	0	0
SF3B5_s_50191	-0.55924124	45.7070653999	46.4157559255	0	25.7070653999	3_PromD1	1	1	0	0	1	0	0	0	1	1	1	0	1	1	0	0	1	0	1	1	0	1	1	1	0	0	0	1	0	0	1	1	0
MCM5_s_33171	-0.563433813	23.8890431308	24.26175648	0	3.8890431308	7_Tx3	0	0	0	0	0	0	0	0	0	0	0	0	0	0	0	1	0	0	0	0	0	0	0	0	0	0	0	0	0	0	0	0	0
FARS2_s_20314	-0.565755857	57.2131219469	57.9923799881	45	51.10656097345	25_Quies	0	0	0	0	0	0	0	0	0	0	0	0	0	0	0	0	0	0	0	0	0	0	0	0	0	0	0	0	0	0	0	0	0
ANAPC13_s_2308	-0.567142714	82.351451171	83.0817227255	0	62.351451171	10_TxEnh5	0	0	0	0	0	0	0	0	0	0	0	0	0	0	0	1	0	1	0	0	0	0	1	0	0	0	0	0	0	0	0	0	0
POLR1E_s_43049	-0.570633497	51.4213058161	52.1852666602	0	31.4213058161	3_PromD1	1	1	0	0	0	0	0	0	0	0	1	0	1	1	0	0	1	1	1	1	0	1	1	1	0	0	0	1	0	0	1	0	0
CDKN2B_s_10975	-0.570818228	39.5831927642	40.2312632642	0	19.5831927642	3_PromD1	0	1	0	0	0	0	0	0	0	0	1	0	1	1	1	0	0	1	1	1	0	0	1	1	0	0	0	1	0	0	1	0	0
PSMC3_s_44753	-0.571782174	41.60985831	42.2693384504	0	21.60985831	3_PromD1	0	1	1	0	1	0	0	0	1	1	1	0	1	1	0	0	1	1	1	1	0	0	1	1	0	0	0	1	0	0	1	1	0
CDC20_s_10588	-0.575589322	8.92810198699	8.88342976618	0	-11.07189801301	9_TxReg	0	0	0	0	0	0	0	0	0	0	0	0	0	1	0	1	0	1	1	1	0	0	1	1	0	0	0	0	1	0	0	0	0
ZBTB17_s_62585	-0.576309383	85.1186624531	85.7813182416	34	59.55933122655	6_Tx	0	0	0	0	0	0	0	0	0	0	0	0	0	0	0	1	0	0	0	0	0	0	0	0	0	0	0	0	0	0	0	0	0
PARN_s_40285	-0.578245702	56.1734451397	56.9472254188	25	40.58672256985	3_PromD1	0	1	0	0	0	0	0	0	0	1	1	0	1	1	0	0	1	1	1	1	0	0	1	1	0	0	0	1	0	0	1	0	0
PSMD3_s_44793	-0.578715828	66.8895124934	67.6904838371	0	46.8895124934	7_Tx3	0	0	0	0	0	0	0	0	0	0	0	0	0	0	0	1	0	0	0	0	0	0	0	0	0	0	0	0	0	0	0	0	0
MCM4_s_33167	-0.579484292	25.1236547306	25.5366233895	0	5.1236547306	4_PromD2	0	0	0	0	0	0	0	0	0	0	0	0	0	0	0	0	0	1	1	1	0	1	1	0	0	0	0	0	0	0	0	0	0
PLRG1_s_42634	-0.579663776	48.1416302477	48.8668378048	56	52.07081512385	6_Tx	0	0	0	0	0	0	0	0	0	0	0	0	0	0	0	0	0	0	0	0	0	0	1	0	0	0	0	0	0	0	0	0	0
EIF1AX_s_17724	-0.579913026	7.53240279346	7.45317782149	0	-12.46759720654	3_PromD1	1	1	0	0	0	0	0	0	0	1	0	0	1	1	0	0	1	0	1	1	0	0	1	1	0	0	0	1	0	0	0	0	0
E2F5_s_17247	-0.580012916	19.7963711231	20.0739322583	0	-0.203628876900002	25_Quies	0	0	0	0	0	0	0	0	0	0	0	0	0	0	0	0	0	0	0	0	0	0	0	0	0	0	0	0	0	0	0	0	0
PSMA7_s_44694	-0.585398455	48.6560486751	49.3848610789	38	43.32802433755	10_TxEnh5	0	0	0	0	0	0	0	0	0	0	0	0	0	0	0	1	0	1	1	0	0	1	1	1	0	0	0	1	1	0	0	0	0
CCND1_s_10031	-0.589078446	26.6819163414	27.1329412617	0	6.6819163414	9_TxReg	1	0	0	0	0	0	0	0	0	1	1	0	1	1	0	1	1	1	1	1	0	1	1	1	0	0	1	1	1	0	1	1	0
SART1_s_49055	-0.589480078	31.0295853276	31.547295503	0	11.0295853276	7_Tx3	0	0	0	0	0	0	0	0	0	0	0	0	0	0	0	1	0	0	0	0	0	0	0	0	0	0	0	0	0	0	0	0	0
RFC3_s_46881	-0.59238956	41.2084482313	41.8704693082	0	21.2084482313	5_Tx5	0	0	0	0	0	0	0	0	0	0	0	0	0	0	0	1	0	0	0	0	0	0	1	0	0	0	0	0	0	0	0	0	0
PSMF1_s_44830	-0.596069453	59.9062602201	60.6989985566	0	39.9062602201	7_Tx3	0	0	0	0	0	0	0	0	0	0	0	0	0	0	0	1	0	0	0	0	0	0	0	0	0	0	0	0	0	0	0	0	0
EXOSC5_s_19013	-0.596869037	90.9550182528	91.5032770587	0	70.9550182528	8_TxWk	0	0	0	0	0	0	0	0	0	0	0	0	0	0	0	0	0	0	0	0	0	0	0	0	0	0	0	0	0	0	0	0	0
GADD45A_s_22044	-0.59946272	49.0954354582	49.8332756614	56	52.5477177291	3_PromD1	1	1	1	0	1	1	0	0	1	1	1	0	1	1	0	0	1	1	1	1	1	1	1	1	0	0	1	1	0	1	1	1	0
EEF2_s_17471	-0.60525556	76.2332566056	76.995150436	86	81.1166283028	9_TxReg	1	0	0	0	0	0	0	0	0	1	1	0	1	1	0	1	1	1	1	1	0	0	1	1	0	0	0	1	1	0	1	0	0
POLR3A_s_43101	-0.609678995	80.470793149	81.2074090277	48	64.2353965745	11_TxEnh3	1	0	0	0	0	0	0	0	0	0	0	0	0	0	0	1	0	0	0	0	0	0	0	0	0	0	0	0	0	0	0	0	0
PPIE_s_43404	-0.610306869	35.3629116555	35.9535659183	0	15.3629116555	7_Tx3	0	0	0	0	0	0	0	0	0	0	0	0	0	0	0	1	0	0	0	0	0	0	0	0	0	0	0	0	0	0	0	0	0
DDX5_s_15450	-0.610975154	50.9186859765	51.6635489679	0	30.9186859765	4_PromD2	0	0	0	0	0	0	0	0	0	0	0	0	0	0	0	1	0	1	1	1	0	0	1	1	0	0	0	0	1	0	0	0	0
PSMD13_s_44780	-0.614149922	21.1778751407	21.4861510527	0	1.1778751407	7_Tx3	0	0	0	0	0	0	0	0	0	0	0	0	0	0	0	1	0	0	0	0	0	0	0	0	0	0	0	0	0	0	0	0	0
ORC6_s_39595	-0.615258718	97.554927035	97.7684982446	61	79.2774635175	3_PromD1	1	1	0	0	0	0	0	0	0	1	1	0	1	1	0	0	1	1	1	1	0	1	1	1	0	0	0	0	0	0	1	1	0
CDC40_s_10628	-0.616396949	53.5415489112	54.3140562737	0	33.5415489112	8_TxWk	0	0	0	0	0	0	0	0	0	0	0	0	0	0	0	0	0	0	0	0	0	0	0	0	0	0	0	0	0	0	0	0	0
RBM17_s_46400	-0.619000994	10.0519543439	10.0539019275	0	-9.9480456561	6_Tx	0	0	0	0	0	0	0	0	0	0	0	0	0	0	0	1	0	0	0	0	0	0	1	0	0	0	0	0	0	0	0	0	0
FZR1_s_21893	-0.619338826	1.11212751029	1.02243938411	0	-18.88787248971	6_Tx	0	0	0	0	0	0	0	0	0	0	0	0	0	0	0	1	0	0	0	0	0	1	1	0	0	0	0	1	1	0	0	0	0
PSMD12_s_44778	-0.62192909	34.7379183383	35.3288068785	0	14.7379183383	7_Tx3	0	0	0	0	0	0	0	0	0	0	0	0	0	0	0	1	0	0	0	0	0	0	0	0	0	0	0	0	0	0	0	0	0
RNASEH1_s_47473	-0.622171806	3.81905538294	3.68421283653	0	-16.18094461706	6_Tx	0	0	0	0	0	0	0	0	0	0	0	0	0	0	0	1	0	1	0	0	0	0	1	0	0	0	0	0	0	0	0	0	0
RPL37A_s_48187	-0.627159524	78.0111194316	78.7659838455	0	58.0111194316	3_PromD1	0	1	1	0	1	0	0	0	1	1	1	0	1	1	0	1	1	0	1	1	0	1	1	1	0	0	1	1	0	0	1	1	0
CDC45_s_10663	-0.628085434	68.9346870738	69.7429709121	0	48.9346870738	4_PromD2	0	0	0	0	0	0	0	0	0	0	0	0	0	0	0	0	0	1	1	1	0	0	1	0	0	0	0	0	0	0	0	0	0
POLR3D_s_43113	-0.628328196	23.9289002352	24.3026511291	0	3.9289002352	6_Tx	0	0	0	0	0	0	0	0	0	0	0	0	0	0	0	1	0	0	0	0	0	0	1	0	0	0	0	0	0	0	0	0	0
POLR3B_s_43106	-0.628879302	10.0410775208	10.0431113	0	-9.9589224792	8_TxWk	0	0	0	0	0	0	0	0	0	0	0	0	0	0	0	0	0	0	0	0	0	0	0	0	0	0	0	0	0	0	0	0	0
GTF2IRD1_s_24423	-0.629649937	94.6568251696	95.0584778851	73	83.8284125848	7_Tx3	0	0	0	0	0	0	0	0	0	0	0	0	0	0	0	1	0	0	0	0	0	0	0	0	0	0	0	0	0	0	0	0	0
FARSB_s_20322	-0.632858821	7.22685624048	7.14511455257	0	-12.77314375952	7_Tx3	0	0	0	0	0	0	0	0	0	0	0	0	0	0	0	0	0	0	0	0	0	0	0	0	0	0	0	0	0	0	0	0	0
EIF4A2_s_17837	-0.633561511	41.4646250685	42.1220372412	60	50.73231253425	4_PromD2	0	0	0	0	0	0	0	0	0	0	0	0	0	0	0	1	0	1	1	1	0	0	1	1	0	0	0	0	1	0	0	0	0
EIF2S2_s_17796	-0.633634114	71.3766629096	72.1805919409	0	51.3766629096	3_PromD1	1	1	1	0	1	1	0	0	1	1	1	1	1	1	0	0	1	0	1	1	1	1	1	1	0	0	1	1	0	1	1	1	0
TAF12_s_55226	-0.638126514	6.74661684713	6.64805070059	0	-13.25338315287	7_Tx3	0	0	0	0	0	0	0	0	0	0	0	0	0	0	0	1	0	0	0	0	0	0	0	0	0	0	0	0	0	0	0	0	0
PSMA3_s_44678	-0.640277103	39.0497859847	39.6945850071	0	19.0497859847	7_Tx3	0	0	0	0	0	0	0	0	0	0	0	0	0	0	0	1	0	0	0	0	0	0	0	0	0	0	0	0	0	0	0	0	0
POLR1C_s_43038	-0.64102448	41.9511324616	42.6223199922	0	21.9511324616	3_PromD1	1	1	1	0	1	0	0	0	1	1	1	1	0	1	0	0	1	0	1	1	1	1	1	1	0	0	0	1	0	0	1	1	0
CDKN2A_s_10959	-0.643737329	71.6918326857	72.5006895028	0	51.6918326857	2_PromU	0	1	0	0	0	0	0	0	0	0	1	0	1	1	1	0	0	1	1	1	0	0	0	1	0	0	0	1	0	0	0	0	0
SNW1_s_52879	-0.650018248	53.9017008033	54.6735853487	0	33.9017008033	7_Tx3	0	0	0	0	0	0	0	0	0	0	0	0	0	0	0	1	0	0	0	0	0	0	0	0	0	0	0	0	0	0	0	0	0
CNOT3_s_12687	-0.651258344	51.4974804484	52.2638004809	73	62.2487402242	6_Tx	0	0	0	0	0	0	0	0	0	0	0	0	0	0	0	1	0	1	0	0	0	1	1	0	0	0	0	0	1	0	0	0	0
POLR3B_s_43102	-0.657157755	32.9599449006	33.5001064431	57	44.9799724503	8_TxWk	0	0	0	0	0	0	0	0	0	0	0	0	0	0	0	0	0	0	0	0	0	0	0	0	0	0	0	0	0	0	0	0	0
PSMC6_s_44765	-0.662063186	8.71141354824	8.65960654812	0	-11.28858645176	3_PromD1	1	1	0	0	0	0	0	0	0	0	0	0	0	1	0	0	0	0	1	1	0	0	1	1	0	0	0	0	0	0	0	0	0
RPL38_s_48189	-0.663748939	8.78165201614	8.73503120503	0	-11.21834798386	3_PromD1	1	1	1	0	1	0	0	0	1	1	1	0	1	1	0	1	1	0	1	1	1	1	1	1	0	0	1	1	1	1	1	1	0
ESPL1_s_18741	-0.663814932	59.0631036406	59.8550983337	29	44.0315518203	3_PromD1	1	1	0	0	0	0	0	0	0	0	0	0	1	1	0	0	0	1	1	1	0	0	1	1	0	0	0	0	0	0	0	0	0
DIS3_s_16024	-0.670937523	52.2420082081	53.0128529175	0	32.2420082081	6_Tx	0	0	0	0	0	0	0	0	0	0	0	0	0	0	0	1	0	0	0	0	0	0	1	0	0	0	0	0	0	0	0	0	0
POLD2_s_42975	-0.674634249	28.5652290456	29.0495761661	34	31.2826145228	6_Tx	0	0	0	0	0	0	0	0	0	0	0	0	0	0	0	1	0	1	0	0	0	0	1	0	0	0	0	0	0	0	0	0	0
POLR1B_s_43036	-0.675168805	86.9702664527	87.6107136665	57	71.98513322635	7_Tx3	0	0	0	0	0	0	0	0	0	0	0	0	0	0	0	1	0	0	0	0	0	0	0	0	0	0	0	0	0	0	0	0	0
LSM4_s_31956	-0.68211209	71.6324710409	72.4408472435	0	51.6324710409	10_TxEnh5	0	0	0	0	0	0	0	0	0	0	0	0	0	0	0	1	0	1	0	0	0	1	1	0	0	0	0	0	1	0	0	0	0
SKIV2L2_s_50884	-0.685945696	20.1358017454	20.4184276117	0	0.135801745399998	7_Tx3	0	0	0	0	0	0	0	0	0	0	0	0	0	0	0	1	0	0	0	0	0	0	0	0	0	0	0	0	0	0	0	0	0
ANAPC11_s_2305	-0.686063989	55.2003934829	55.9818849141	45	50.10019674145	9_TxReg	0	0	0	0	0	0	0	0	0	0	0	0	0	1	0	1	0	1	1	1	0	1	1	0	0	0	0	1	1	0	0	0	0
PSMA4_s_44682	-0.686284045	68.0307677673	68.8428131129	46	57.01538388365	7_Tx3	0	0	0	0	0	0	0	0	0	0	0	0	0	0	0	1	0	0	0	0	0	0	0	0	0	0	0	0	0	0	0	0	0
SHFM1_s_50568	-0.698849887	12.8918191173	12.9777596024	0	-7.1081808827	8_TxWk	0	0	0	0	0	0	0	0	0	0	0	0	0	0	0	0	0	0	0	0	0	0	0	0	0	0	0	0	0	0	0	0	0
RPL14_s_48122	-0.69947689	10.7775674925	10.8003572978	0	-9.2224325075	7_Tx3	0	0	0	0	0	0	0	0	0	0	0	0	0	0	0	1	0	0	0	0	0	0	0	0	0	0	0	0	0	0	0	0	0
PSMC4_s_44760	-0.712929244	30.539464617	31.0538529124	0	10.539464617	4_PromD2	0	0	0	0	0	0	0	0	0	0	0	0	1	1	0	1	1	1	1	1	0	1	1	1	0	0	0	1	0	0	0	0	0
SNRPD3_s_52842	-0.715365808	48.0335256872	48.7636135653	0	28.0335256872	6_Tx	0	0	0	0	0	0	0	0	0	0	0	0	0	0	0	1	0	0	0	0	0	1	1	0	0	0	0	0	1	0	0	0	0
PCNA_s_40749	-0.7154438	29.9723212505	30.4787673372	0	9.9723212505	6_Tx	0	0	0	0	0	0	0	0	0	0	0	0	0	0	0	1	0	0	0	0	0	0	1	0	0	0	0	0	0	0	0	0	0
TAF10_s_55220	-0.716836243	70.9964534183	71.7927511857	0	50.9964534183	9_TxReg	1	0	0	0	0	0	0	0	0	0	0	0	1	1	0	1	1	1	1	1	0	1	1	1	0	0	0	0	0	0	1	0	0
CDC16_s_10584	-0.722410876	29.9040000531	30.4062689522	0	9.9040000531	7_Tx3	0	0	0	0	0	0	0	0	0	0	0	0	0	0	0	0	0	0	0	0	0	0	0	0	0	0	0	0	0	0	0	0	0
RPS21_s_48295	-0.724518217	66.4532228396	67.2458368296	0	46.4532228396	9_TxReg	0	0	1	1	1	1	0	0	1	1	1	0	1	1	0	0	1	1	1	1	0	1	1	1	0	0	0	1	1	0	1	1	0
RAD21_s_45876	-0.72584349	70.2743429754	71.0702180877	0	50.2743429754	5_Tx5	0	0	0	0	0	0	0	0	0	0	0	0	0	0	0	0	0	0	0	0	0	0	1	0	0	0	0	0	0	0	0	0	0
PSMB3_s_44714	-0.732278687	25.6822441209	26.1106116128	56	40.84112206045	6_Tx	0	0	0	0	0	0	0	0	0	0	0	0	0	0	0	1	0	0	0	0	0	1	1	0	0	0	0	0	0	0	0	0	0
PRPF3_s_44305	-0.737939128	50.301841059	51.0425209247	0	30.301841059	6_Tx	0	0	0	0	0	0	0	0	0	0	0	0	0	0	0	1	0	0	0	0	0	1	1	0	0	0	0	0	0	0	0	0	0
TBP_s_55657	-0.739428577	80.1054425042	80.847733639	46	63.0527212521	7_Tx3	0	0	0	0	0	0	0	0	0	0	0	0	0	0	0	1	0	0	0	0	0	0	0	0	0	0	0	0	0	0	0	0	0
HSPA9_s_26294	-0.746878407	27.9108130001	28.3816546165	0	7.9108130001	6_Tx	0	0	0	0	0	0	0	0	0	0	0	0	0	0	0	1	0	0	0	0	0	0	1	0	0	0	0	0	0	0	0	0	0
MAD2L2_s_32326	-0.750166352	11.6908519281	11.7340574881	0	-8.3091480719	7_Tx3	0	0	0	0	0	0	0	0	0	0	0	0	0	0	0	1	0	0	0	0	0	0	0	0	0	0	0	0	0	0	0	0	0
SF3A2_s_50174	-0.750380675	23.6157952119	23.98408986	0	3.6157952119	6_Tx	0	0	0	0	0	0	0	0	0	0	0	0	0	0	0	1	0	1	0	0	0	1	1	0	0	0	0	0	1	0	0	0	0
ORC5_s_39590	-0.752353029	11.298217049	11.3368160845	0	-8.701782951	5_Tx5	0	0	0	0	0	0	0	0	0	0	0	0	0	0	0	0	0	0	0	0	0	0	0	0	0	0	0	0	0	0	0	0	0
E2F4_s_17242	-0.755320105	59.5105650823	60.2950267278	0	39.5105650823	10_TxEnh5	0	0	0	0	0	0	0	0	0	0	0	0	0	1	0	1	0	1	1	1	0	1	1	0	0	0	0	1	1	0	0	0	0
BUB1B_s_6000	-0.755487818	38.0532846347	38.6777786963	20	29.02664231735	6_Tx	0	0	0	0	0	0	0	0	0	0	0	0	0	0	0	1	0	0	0	0	0	1	1	0	0	0	0	0	0	0	0	0	0
SNRPD2_s_52841	-0.762616547	55.4731620842	56.2540281961	71	63.2365810421	7_Tx3	0	0	0	0	0	0	0	0	0	0	0	0	0	0	0	1	0	0	0	0	0	0	0	0	0	0	0	0	0	0	0	0	0
POLR2B_s_43056	-0.767460952	46.8440805563	47.5684509853	0	26.8440805563	7_Tx3	0	0	0	0	0	0	0	0	0	0	0	0	0	0	0	0	0	0	0	0	0	0	0	0	0	0	0	0	0	0	0	0	0
RPS23_s_48297	-0.768204532	35.9416323862	36.5309559325	0	15.9416323862	3_PromD1	0	1	1	0	1	0	0	0	1	1	1	1	1	1	0	0	1	0	1	1	1	1	1	1	0	0	0	1	0	1	1	1	0
PRPF38B_s_44318	-0.773561461	13.0499386289	13.1360709094	0	-6.9500613711	6_Tx	0	0	0	0	0	0	0	0	0	0	0	0	0	0	0	1	0	0	0	0	0	0	1	0	0	0	0	0	0	0	0	0	0
DHX38_s_15935	-0.774608959	69.6807265275	70.482220338	0	49.6807265275	7_Tx3	0	0	0	0	0	0	0	0	0	0	0	0	0	0	0	1	0	0	0	0	0	0	0	0	0	0	0	0	0	0	0	0	0
MCM6_s_33177	-0.776505489	41.432547658	42.0898848293	14	27.716273829	7_Tx3	0	0	0	0	0	0	0	0	0	0	0	0	0	0	0	1	0	0	0	0	0	0	0	0	0	0	0	0	0	0	0	0	0
POLR1D_s_43043	-0.778074997	45.6525706726	46.3563891854	0	25.6525706726	7_Tx3	0	0	0	0	0	0	0	0	0	0	0	0	0	0	0	1	0	0	0	0	0	0	0	0	0	0	0	0	0	0	0	0	0
FAU_s_20375	-0.781154902	29.190922904	29.6930633457	0	9.190922904	3_PromD1	1	1	1	0	1	0	0	0	1	1	1	0	1	1	0	0	1	1	1	1	0	1	1	1	0	0	1	1	0	1	1	1	0
PARS2_s_40338	-0.783344804	12.5909551289	12.6686721383	0	-7.4090448711	7_Tx3	0	0	0	0	0	0	0	0	0	0	0	0	0	0	0	1	0	0	0	0	0	0	0	0	0	0	0	0	0	0	0	0	0
RPA3_s_48054	-0.783363865	47.5078248603	48.2416764026	0	27.5078248603	8_TxWk	0	0	0	0	0	0	0	0	0	0	0	0	0	0	0	0	0	0	0	0	0	0	0	0	0	0	0	0	0	0	0	0	0
TAF9_s_55296	-0.786825932	49.3088424147	50.0416262171	0	29.3088424147	8_TxWk	0	0	0	0	0	0	0	0	0	0	0	0	0	0	0	0	0	0	0	0	0	0	0	0	0	0	0	0	0	0	0	0	0
NCBP1_s_36225	-0.791324932	25.7986445635	26.2268943404	0	5.7986445635	7_Tx3	0	0	0	0	0	0	0	0	0	0	0	0	0	0	0	1	0	0	0	0	0	0	0	0	0	0	0	0	0	0	0	0	0
RPL35A_s_48175	-0.796781513	54.6456755042	55.4199309839	0	34.6456755042	6_Tx	0	0	0	0	0	0	0	0	0	0	0	0	0	0	0	1	0	1	0	0	0	0	1	0	0	0	0	0	1	0	0	0	0
SARS_s_49053	-0.79835934	25.3702820858	25.792086922	48	36.6851410429	6_Tx	0	0	0	0	0	0	0	0	0	0	0	0	0	0	0	1	0	0	0	0	0	1	1	0	0	0	0	0	0	0	0	0	0
POLE2_s_42993	-0.798861249	19.9929282214	20.2760279079	0	-0.0070717786000003	8_TxWk	0	0	0	0	0	0	0	0	0	0	0	0	0	0	0	0	0	0	0	0	0	0	0	0	0	0	0	0	0	0	0	0	0
SRSF1_s_53940	-0.799948441	16.6509413614	16.8286601991	0	-3.3490586386	9_TxReg	0	0	0	0	0	0	0	0	0	0	0	0	1	1	0	1	0	1	1	1	0	0	1	1	0	0	0	1	1	0	0	0	0
PRPF19_s_44304	-0.802096234	98.646056746	98.7845729874	0	78.646056746	6_Tx	0	0	0	0	0	0	0	0	0	0	0	0	0	0	0	1	0	0	0	0	0	0	1	0	0	0	0	0	1	0	0	0	0
CDC23_s_10596	-0.802282728	77.299959553	78.0639712289	0	57.299959553	3_PromD1	1	1	0	0	0	0	0	0	1	1	1	0	0	1	0	0	1	0	1	1	0	1	1	1	0	0	1	1	0	0	1	1	0
PSMB5_s_44726	-0.805143214	6.64190438056	6.54369253076	0	-13.35809561944	4_PromD2	0	0	0	0	0	0	0	0	0	0	0	0	0	0	0	1	0	1	1	1	0	1	1	0	0	0	0	0	0	0	0	0	0
POLR3K_s_43133	-0.825014347	31.6122143405	32.1360248206	0	11.6122143405	6_Tx	0	0	0	0	0	0	0	0	0	0	0	0	0	0	0	1	0	1	0	0	0	0	1	0	0	0	0	0	0	0	0	0	0
PSTK_s_44872	-0.829336152	5.15860067274	5.05129388768	0	-14.84139932726	8_TxWk	0	0	0	0	0	0	0	0	0	0	0	0	0	0	0	0	0	0	0	0	0	0	0	0	0	0	0	0	0	0	0	0	0
TARS_s_55392	-0.831550467	76.2746622746	77.0364108691	69	72.6373311373	6_Tx	0	0	0	0	0	0	0	0	0	0	0	0	0	0	0	1	0	0	0	0	0	0	1	0	0	0	0	0	1	0	0	0	0
TTC37_s_59596	-0.837490224	19.0822615976	19.3444492647	0	-0.917738402400001	7_Tx3	0	0	0	0	0	0	0	0	0	0	0	0	0	0	0	1	0	0	0	0	0	0	0	0	0	0	0	0	0	0	0	0	0
PSMD7_s_44805	-0.839630092	62.1865585326	62.9946588223	0	42.1865585326	6_Tx	0	0	0	0	0	0	0	0	0	0	0	0	0	0	0	1	0	0	0	0	0	0	0	0	0	0	0	0	0	0	0	0	0
POLR2E_s_43068	-0.846841395	86.5005720472	87.1493503311	0	66.5005720472	3_PromD1	1	1	0	0	0	0	0	0	0	1	1	0	1	1	0	0	1	0	1	1	0	1	1	1	0	0	1	1	0	0	1	1	0
DDX23_s_15385	-0.847443564	47.0007805503	47.7311517001	0	27.0007805503	7_Tx3	0	0	0	0	0	0	0	0	0	0	0	0	0	0	0	1	0	0	0	0	0	0	0	0	0	0	0	0	0	0	0	0	0
TAF9_s_55297	-0.850063395	6.24189538413	6.14297617942	0	-13.75810461587	6_Tx	0	0	0	0	0	0	0	0	0	0	0	0	0	0	0	1	0	0	0	0	0	0	1	0	0	0	0	0	0	0	0	0	0
SRSF6_s_53965	-0.859805464	87.0781497897	87.7179615298	48	67.53907489485	3_PromD1	1	1	0	0	1	0	0	0	1	1	1	0	1	1	0	0	1	0	1	1	1	1	1	1	0	0	1	1	0	1	1	1	0
FEN1_s_20797	-0.865223343	12.6392371623	12.7151267039	0	-7.3607628377	10_TxEnh5	0	0	0	0	0	0	0	0	0	0	0	0	0	1	0	1	0	1	1	0	0	1	1	0	0	0	0	1	0	0	0	0	0
ANAPC5_s_2329	-0.868794532	40.6570117348	41.3116794094	0	20.6570117348	11_TxEnh3	0	0	0	0	0	0	0	0	0	0	0	0	0	0	0	1	0	1	0	0	0	0	0	0	0	0	0	0	0	0	0	0	0
RPL7A_s_48206	-0.870518985	48.1490781063	48.8738974356	0	28.1490781063	9_TxReg	0	0	0	0	0	0	0	0	0	1	0	0	1	1	0	0	1	1	1	1	0	1	1	1	0	0	0	1	1	0	1	1	0
WDR61_s_61795	-0.876758693	78.2122484827	78.9633974601	0	58.2122484827	7_Tx3	0	0	0	0	0	0	0	0	0	0	0	0	0	0	0	1	0	0	0	0	0	0	0	0	0	0	0	0	0	0	0	0	0
HNRNPA1L2_s_25717	-0.88053882	49.5661253696	50.3033080772	43	46.2830626848	8_TxWk	0	0	0	0	0	0	0	0	0	0	0	0	0	0	0	0	0	0	0	0	0	0	0	0	0	0	0	0	0	0	0	0	0
NARS2_s_36101	-0.881744894	37.8007211149	38.4245830246	0	17.8007211149	8_TxWk	0	0	0	0	0	0	0	0	0	0	0	0	0	0	0	0	0	0	0	0	0	0	0	0	0	0	0	0	0	0	0	0	0
CDK4_s_10890	-0.889206033	68.8593604649	69.6702164783	0	48.8593604649	9_TxReg	1	0	1	1	0	1	0	0	1	1	1	0	1	1	0	1	1	1	1	1	0	1	1	1	0	0	0	1	0	0	1	1	0
MRPL13_s_34650	-0.890827271	74.8741699048	75.6453343887	0	54.8741699048	8_TxWk	0	0	0	0	0	0	0	0	0	0	0	0	0	0	0	0	0	0	0	0	0	0	0	0	0	0	0	0	0	0	0	0	0
POLR2H_s_43081	-0.905868567	12.2066345671	12.2716502052	0	-7.7933654329	6_Tx	0	0	0	0	0	0	0	0	0	0	0	0	0	0	0	1	0	0	0	0	0	0	1	0	0	0	0	0	0	0	0	0	0
CCNH_s_10068	-0.933201315	1.04502304227	0.962889751977	0	-18.95497695773	8_TxWk	0	0	0	0	0	0	0	0	0	0	0	0	0	0	0	0	0	0	0	0	0	0	0	0	0	0	0	0	0	0	0	0	0
RPL27_s_48147	-0.945035546	4.7793498167	4.66378233805	0	-15.2206501833	4_PromD2	0	0	0	0	0	0	0	0	0	0	0	0	0	0	0	1	0	1	1	1	0	0	1	1	0	0	0	0	0	0	0	0	0
RPA1_s_48045	-0.951622352	22.1941391253	22.5315982492	26	24.09706956265	7_Tx3	0	0	0	0	0	0	0	0	0	0	0	0	0	0	0	1	0	0	0	0	0	0	0	0	0	0	0	0	0	0	0	0	0
RPS8_s_48379	-0.954677149	53.4271026097	54.1967127725	0	33.4271026097	4_PromD2	0	0	0	0	0	0	0	0	0	0	0	0	0	0	0	1	0	1	1	1	0	1	1	0	0	0	0	1	1	0	0	0	0
ZMAT2_s_63196	-0.974722376	9.09151242778	9.05315353344	0	-10.90848757222	3_PromD1	0	1	0	0	0	0	0	0	1	1	1	0	0	1	0	0	1	1	1	1	0	1	1	1	0	0	0	1	0	0	1	1	0
EIF6_s_17909	-0.980330184	37.7303351647	38.3525235803	14	25.86516758235	11_TxEnh3	0	0	0	0	0	0	0	0	0	0	0	0	0	0	0	1	0	1	0	0	0	0	0	0	0	0	0	0	0	0	0	0	0
RB1_s_46307	-0.984223218	28.1792677428	28.6565778568	0	8.1792677428	8_TxWk	0	0	0	0	0	0	0	0	0	0	0	0	0	0	0	0	0	0	0	0	0	0	0	0	0	0	0	0	0	0	0	0	0
EIF4G1_s_17877	-0.988308451	5.98597664101	5.88659818703	0	-14.01402335899	10_TxEnh5	0	0	0	0	0	0	0	0	0	0	0	0	0	0	0	1	0	1	0	0	0	1	1	0	0	0	0	0	1	0	0	0	0
POLD1_s_42970	-0.995428695	10.7795953748	10.8029543641	0	-9.2204046252	7_Tx3	0	0	0	0	0	0	0	0	0	0	0	0	0	0	0	1	0	0	0	0	0	0	0	0	0	0	0	0	0	0	0	0	0
TRA2B_s_58633	-1.025131292	28.766063132	29.2491844846	21	24.883031566	6_Tx	0	0	0	0	0	0	0	0	0	0	0	0	0	0	0	1	0	0	0	0	0	0	1	0	0	0	0	0	1	0	0	0	0
VARS2_s_61120	-1.030847685	94.4848238821	94.8947895535	0	74.4848238821	13_EnhA1	0	1	0	0	0	0	0	0	0	0	1	0	0	1	0	0	0	1	1	1	0	0	0	1	0	0	0	1	0	0	1	0	0
SNRPA_s_52825	-1.037993186	18.9216164508	19.1792246404	0	-1.0783835492	10_TxEnh5	0	0	0	0	0	0	0	0	0	0	0	0	0	0	0	1	0	1	0	0	0	1	1	0	0	0	0	0	1	0	0	0	0
GTF2B_s_24387	-1.040476477	20.841873483	21.1368273507	0	0.841873483000001	7_Tx3	0	0	0	0	0	0	0	0	0	0	0	0	0	0	0	1	0	0	0	0	0	0	0	0	0	0	0	0	0	0	0	0	0
AARS2_s_73	-1.048994752	64.0380519204	64.8570845407	55	59.5190259602	4_PromD2	0	0	0	0	0	0	0	0	0	0	0	0	0	0	0	0	0	1	1	1	0	1	1	1	0	0	0	1	0	0	0	0	0
SMC1A_s_52541	-1.055239288	19.2276423214	19.4851297838	0	-0.772357678599999	7_Tx3	0	0	0	0	0	0	0	0	0	0	0	0	0	0	0	1	0	0	0	0	0	0	0	0	0	0	0	0	0	0	0	0	0
POLR3B_s_43103	-1.070282437	10.3017894402	10.3021960939	0	-9.6982105598	8_TxWk	0	0	0	0	0	0	0	0	0	0	0	0	0	0	0	0	0	0	0	0	0	0	0	0	0	0	0	0	0	0	0	0	0
WARS_s_61564	-1.092319781	9.57119876233	9.5486810927	0	-10.42880123767	11_TxEnh3	0	0	1	0	0	1	0	0	1	1	1	0	0	1	0	1	1	1	0	0	0	0	0	0	0	0	0	0	0	0	1	1	0
PSMC5_s_44762	-1.095056677	65.2059646286	66.022874667	0	45.2059646286	12_TxEnhW	0	0	0	0	0	0	0	0	0	0	0	0	0	0	0	1	0	1	1	0	0	1	1	0	0	0	0	1	0	0	0	0	0
LARS2_s_30545	-1.102672533	4.74258984164	4.62632605838	0	-15.25741015836	7_Tx3	0	0	0	0	0	0	0	0	0	0	0	0	0	0	0	1	0	0	0	0	0	0	0	0	0	0	0	0	0	0	0	0	0
RPS29_s_48311	-1.105624189	78.6132161144	79.3681740137	0	58.6132161144	7_Tx3	0	0	0	0	0	0	0	0	0	0	0	0	0	0	0	1	0	0	0	0	0	0	0	0	0	0	0	0	0	0	0	0	0
LSM5_s_31961	-1.1323027	89.4385310168	90.0291310363	85	87.2192655084	7_Tx3	0	0	0	0	0	0	0	0	0	0	0	0	0	0	0	0	0	0	0	0	0	0	0	0	0	0	0	0	0	0	0	0	0
CDK6_s_10911	-1.153417995	47.5275137537	48.2597827097	0	27.5275137537	6_Tx	0	0	0	0	0	0	0	0	0	0	0	0	0	0	0	1	0	0	0	0	0	0	1	0	0	0	0	0	0	0	0	0	0
POLR3C_s_43109	-1.173573779	44.95497917	45.6546691959	0	24.95497917	6_Tx	0	0	0	0	0	0	0	0	0	0	0	0	0	0	0	1	0	0	0	0	0	0	1	0	0	0	0	0	0	0	0	0	0
RFC4_s_46884	-1.194286888	30.2787526975	30.7823314632	0	10.2787526975	7_Tx3	0	0	0	0	0	0	0	0	0	0	0	0	0	0	0	1	0	0	0	0	0	0	0	0	0	0	0	0	0	0	0	0	0
RPA2_s_48048	-1.204042758	72.3015984506	73.1090248419	0	52.3015984506	7_Tx3	0	0	0	0	0	0	0	0	0	0	0	0	0	0	0	1	0	0	0	0	0	0	0	0	0	0	0	0	0	0	0	0	0
EXOSC3_s_19006	-1.20831886	7.96754945913	7.89131387411	0	-12.03245054087	4_PromD2	0	0	0	0	0	0	0	0	0	0	0	0	0	0	0	0	0	1	1	1	0	0	1	0	0	0	0	0	0	0	0	0	0
CARS2_s_9157	-1.218845304	36.0026163368	36.5925905334	0	16.0026163368	4_PromD2	0	1	0	0	0	0	0	0	0	0	0	0	1	1	0	0	0	1	1	1	0	0	1	1	0	0	0	0	0	0	0	0	0
POLD3_s_42976	-1.236369042	50.5542570964	51.2970699972	0	30.5542570964	12_TxEnhW	0	0	0	0	0	0	0	0	0	0	0	0	0	0	0	0	0	1	0	0	0	0	1	0	0	0	0	0	0	0	0	0	0
PARN_s_40281	-1.317574446	23.1437042183	23.4929151301	0	3.1437042183	8_TxWk	0	0	0	0	0	0	0	0	0	0	0	0	0	0	0	1	0	0	0	0	0	0	0	0	0	0	0	0	0	0	0	0	0
WEE1_s_61913	-1.336347997	42.0156559886	42.688087952	0	22.0156559886	3_PromD1	0	0	0	0	0	0	0	0	0	0	0	0	0	1	0	0	0	0	1	1	0	0	1	1	0	0	0	0	0	0	0	0	0
EARS2_s_17277	-1.396701924	40.4075084738	41.0625805182	0	20.4075084738	7_Tx3	0	0	0	0	0	0	0	0	0	0	0	0	0	0	0	1	0	0	0	0	0	0	0	0	0	0	0	0	0	0	0	0	0
HARS_s_24722	-1.400758035	80.5501386518	81.2889788555	58	69.2750693259	7_Tx3	0	0	0	0	0	0	0	0	0	0	0	0	0	0	0	1	0	0	0	0	0	0	0	0	0	0	0	0	0	0	0	0	0
RPL28_s_48157	-1.513574746	45.8462149946	46.557204591	0	25.8462149946	9_TxReg	0	0	0	0	0	0	0	0	0	1	1	0	1	1	0	1	1	1	1	1	0	1	1	1	0	0	0	1	1	0	1	1	0
YARS_s_62376	-1.749125735	2.6499996866	2.50774181796	0	-17.3500003134	3_PromD1	1	1	1	0	1	1	0	0	1	1	1	1	0	1	0	0	1	0	1	1	1	1	1	1	0	0	1	1	0	1	1	1	0
